FrameNo;Time;HipCenter;HipCenterCoordinates.x;HipCenterCoordinates.y;HipCenterCoordinates.z;Spine;SpineCoordinates.x;SpineCoordinates.y;SpineCoordinates.z;ShoulderCenter;ShoulderLeftCoordinates.x;ShoulderLeftCoordinates.y;ShoulderLeftCoordinates.z;Head;HeadCoordinates.x;HeadCoordinates.y;HeadCoordinates.z;ShoulderLeft;ShoulderLeftCoordinates.x;ShoulderLeftCoordinates.y;ShoulderLeftCoordinates.z;ElbowLeft;ElbowLeftCoordinates.x;ElbowLeftCoordinates.y;ElbowLeftCoordinates.z;WristLeft;WristLeftCoordinates.x;WristLeftCoordinates.y;WristLeftCoordinates.z;HandLeft;HandLeftCoordinates.x;HandLeftCoordinates.y;HandLeftCoordinates.z;ShoulderRight;ShoulderRightCoordinates.x;ShoulderRightCoordinates.y;ShoulderRightCoordinates.z;ElbowRight;ElbowRightCoordinates.x;ShoulderRightCoordinates.y;ShoulderRightCoordinates.z;WristRight;WristRightCoordinates.x;WristRightCoordinates.y;WristRightCoordinates.z;HandRight;HandRightCoordinates.x;HandRightCoordinates.y;HandRightCoordinates.z;HipLeft;HipLeftCoordinates.x;HipLeftCoordinates.y;HipLeftCoordinates.z;KneeLeft;KneeLeftCoordinates.x;KneeLeftCoordinates.y;KneeLeftCoordinates.z;AnkleLeft;AnkleLeftCoordinates.x;AnkleLeftCoordinates.y;AnkleLeftCoordinates.z;FootLeft;FootLeftCoordinates.x;FootLeftCoordinates.y;FootLeftCoordinates.z;HipRight;HipRightCoordinates.x;HipRightCoordinates.y;HipRightCoordinates.z;KneeRight;KneeRightCoordinates.x;KneeRightCoordinates.y;KneeRightCoordinates.z;AnkleRight;AnkleRightCoordinates.x;AnkleRightCoordinates.y;AnkleRightCoordinates.z;FootRight;FootRightCoordinates.x;FootRightCoordinates.y;FootRightCoordinates.z
Frame1;0.000;0;-0.083;0.528;3.147;1;-0.087;0.571;3.213;2;-0.079;0.901;3.295;3;-0.081;1.087;3.283;4;-0.206;0.756;3.186;5;-0.312;0.516;3.202;6;-0.320;0.308;3.108;7;-0.332;0.269;3.126;8;0.065;0.772;3.243;9;0.138;0.506;3.207;10;0.130;0.304;3.113;11;0.138;0.253;3.116;12;-0.161;0.475;3.117;13;-0.131;0.062;3.155;14;-0.144;-0.249;3.215;15;-0.134;-0.281;3.128;16;-0.021;0.471;3.131;17;0.002;0.049;3.169;18;0.046;-0.258;3.235;19;0.022;-0.338;3.234
Frame2;0.042;0;-0.087;0.528;3.146;1;-0.090;0.571;3.212;2;-0.078;0.901;3.294;3;-0.081;1.087;3.282;4;-0.213;0.760;3.187;5;-0.306;0.508;3.186;6;-0.336;0.300;3.116;7;-0.359;0.247;3.131;8;0.064;0.772;3.242;9;0.138;0.506;3.207;10;0.130;0.304;3.113;11;0.138;0.243;3.113;12;-0.157;0.458;3.114;13;-0.131;0.062;3.155;14;-0.144;-0.249;3.215;15;-0.134;-0.281;3.128;16;-0.028;0.472;3.129;17;0.003;0.050;3.169;18;0.046;-0.258;3.235;19;0.021;-0.339;3.235
Frame3;0.059;0;-0.090;0.527;3.145;1;-0.092;0.571;3.211;2;-0.078;0.900;3.293;3;-0.082;1.087;3.281;4;-0.221;0.763;3.190;5;-0.308;0.508;3.186;6;-0.338;0.299;3.117;7;-0.365;0.255;3.125;8;0.064;0.772;3.241;9;0.140;0.507;3.209;10;0.131;0.306;3.113;11;0.138;0.243;3.113;12;-0.157;0.454;3.113;13;-0.131;0.062;3.155;14;-0.144;-0.249;3.215;15;-0.134;-0.282;3.128;16;-0.032;0.471;3.126;17;0.002;0.053;3.168;18;0.046;-0.258;3.236;19;0.018;-0.338;3.236
Frame4;0.076;0;-0.090;0.527;3.145;1;-0.092;0.571;3.211;2;-0.078;0.900;3.293;3;-0.082;1.087;3.281;4;-0.221;0.763;3.190;5;-0.308;0.508;3.186;6;-0.338;0.299;3.117;7;-0.365;0.255;3.125;8;0.064;0.772;3.241;9;0.140;0.507;3.209;10;0.131;0.306;3.113;11;0.138;0.243;3.113;12;-0.157;0.454;3.113;13;-0.131;0.062;3.155;14;-0.144;-0.249;3.215;15;-0.134;-0.282;3.128;16;-0.032;0.471;3.126;17;0.002;0.053;3.168;18;0.046;-0.258;3.236;19;0.018;-0.338;3.236
Frame5;0.093;0;-0.092;0.525;3.143;1;-0.094;0.570;3.210;2;-0.078;0.900;3.292;3;-0.082;1.087;3.279;4;-0.226;0.765;3.193;5;-0.310;0.507;3.186;6;-0.340;0.298;3.118;7;-0.368;0.262;3.119;8;0.062;0.772;3.240;9;0.135;0.502;3.203;10;0.132;0.300;3.112;11;0.139;0.235;3.112;12;-0.157;0.450;3.112;13;-0.131;0.062;3.155;14;-0.144;-0.249;3.215;15;-0.134;-0.282;3.128;16;-0.035;0.468;3.124;17;0.002;0.055;3.167;18;0.046;-0.259;3.236;19;0.015;-0.336;3.236
Frame6;0.131;0;-0.096;0.506;3.138;1;-0.096;0.559;3.207;2;-0.078;0.900;3.292;3;-0.082;1.086;3.277;4;-0.230;0.766;3.194;5;-0.314;0.517;3.192;6;-0.345;0.308;3.122;7;-0.370;0.267;3.116;8;0.055;0.769;3.234;9;0.134;0.501;3.202;10;0.133;0.299;3.112;11;0.140;0.240;3.113;12;-0.158;0.443;3.111;13;-0.132;0.062;3.155;14;-0.144;-0.249;3.215;15;-0.134;-0.282;3.128;16;-0.037;0.446;3.116;17;0.002;0.056;3.166;18;0.046;-0.259;3.236;19;0.038;-0.309;3.180
Frame7;0.148;0;-0.096;0.506;3.138;1;-0.096;0.559;3.207;2;-0.078;0.900;3.292;3;-0.082;1.086;3.277;4;-0.230;0.766;3.194;5;-0.314;0.517;3.192;6;-0.345;0.308;3.122;7;-0.370;0.267;3.116;8;0.055;0.769;3.234;9;0.134;0.501;3.202;10;0.133;0.299;3.112;11;0.140;0.240;3.113;12;-0.158;0.443;3.111;13;-0.132;0.062;3.155;14;-0.144;-0.249;3.215;15;-0.134;-0.282;3.128;16;-0.037;0.446;3.116;17;0.002;0.056;3.166;18;0.046;-0.259;3.236;19;0.038;-0.309;3.180
Frame8;0.164;0;-0.101;0.503;3.136;1;-0.101;0.555;3.204;2;-0.077;0.900;3.291;3;-0.082;1.086;3.276;4;-0.232;0.766;3.195;5;-0.318;0.515;3.192;6;-0.348;0.305;3.123;7;-0.370;0.251;3.110;8;0.054;0.769;3.234;9;0.133;0.501;3.201;10;0.133;0.298;3.112;11;0.140;0.246;3.114;12;-0.174;0.440;3.098;13;-0.132;0.061;3.155;14;-0.144;-0.249;3.215;15;-0.134;-0.282;3.128;16;-0.043;0.443;3.117;17;0.001;0.058;3.166;18;0.046;-0.259;3.236;19;0.026;-0.315;3.200
Frame9;0.181;0;-0.101;0.503;3.136;1;-0.101;0.555;3.204;2;-0.077;0.900;3.291;3;-0.082;1.086;3.276;4;-0.232;0.766;3.195;5;-0.318;0.515;3.192;6;-0.348;0.305;3.123;7;-0.370;0.251;3.110;8;0.054;0.769;3.234;9;0.133;0.501;3.201;10;0.133;0.298;3.112;11;0.140;0.246;3.114;12;-0.174;0.440;3.098;13;-0.132;0.061;3.155;14;-0.144;-0.249;3.215;15;-0.134;-0.282;3.128;16;-0.043;0.443;3.117;17;0.001;0.058;3.166;18;0.046;-0.259;3.236;19;0.026;-0.315;3.200
Frame10;0.198;0;-0.104;0.501;3.135;1;-0.102;0.553;3.203;2;-0.077;0.900;3.290;3;-0.083;1.086;3.275;4;-0.234;0.766;3.195;5;-0.320;0.514;3.192;6;-0.350;0.305;3.123;7;-0.369;0.257;3.109;8;0.052;0.768;3.231;9;0.132;0.506;3.202;10;0.135;0.302;3.114;11;0.140;0.246;3.114;12;-0.177;0.439;3.094;13;-0.132;0.061;3.155;14;-0.144;-0.249;3.216;15;-0.134;-0.282;3.128;16;-0.047;0.442;3.118;17;0.001;0.058;3.166;18;0.046;-0.259;3.236;19;0.043;-0.300;3.164
Frame11;0.214;0;-0.104;0.503;3.133;1;-0.103;0.553;3.202;2;-0.077;0.900;3.289;3;-0.083;1.086;3.274;4;-0.235;0.766;3.195;5;-0.322;0.514;3.193;6;-0.351;0.305;3.123;7;-0.366;0.261;3.109;8;0.052;0.767;3.230;9;0.128;0.494;3.192;10;0.145;0.287;3.112;11;0.147;0.221;3.106;12;-0.177;0.439;3.091;13;-0.132;0.061;3.155;14;-0.144;-0.249;3.216;15;-0.134;-0.282;3.128;16;-0.043;0.451;3.118;17;0.001;0.058;3.165;18;0.046;-0.259;3.236;19;0.022;-0.316;3.197
Frame12;0.231;0;-0.104;0.503;3.133;1;-0.103;0.553;3.202;2;-0.077;0.900;3.289;3;-0.083;1.086;3.274;4;-0.235;0.766;3.195;5;-0.322;0.514;3.193;6;-0.351;0.305;3.123;7;-0.366;0.261;3.109;8;0.052;0.767;3.230;9;0.128;0.494;3.192;10;0.145;0.287;3.112;11;0.147;0.221;3.106;12;-0.177;0.439;3.091;13;-0.132;0.061;3.155;14;-0.144;-0.249;3.216;15;-0.134;-0.282;3.128;16;-0.043;0.451;3.118;17;0.001;0.058;3.165;18;0.046;-0.259;3.236;19;0.022;-0.316;3.197
Frame13;0.248;0;-0.104;0.503;3.133;1;-0.103;0.553;3.202;2;-0.077;0.900;3.289;3;-0.083;1.086;3.274;4;-0.235;0.766;3.195;5;-0.322;0.514;3.193;6;-0.351;0.305;3.123;7;-0.366;0.261;3.109;8;0.052;0.767;3.230;9;0.128;0.494;3.192;10;0.145;0.287;3.112;11;0.147;0.221;3.106;12;-0.177;0.439;3.091;13;-0.132;0.061;3.155;14;-0.144;-0.249;3.216;15;-0.134;-0.282;3.128;16;-0.043;0.451;3.118;17;0.001;0.058;3.165;18;0.046;-0.259;3.236;19;0.022;-0.316;3.197
Frame14;0.265;0;-0.104;0.507;3.132;1;-0.104;0.554;3.201;2;-0.077;0.900;3.287;3;-0.083;1.086;3.273;4;-0.235;0.767;3.195;5;-0.324;0.515;3.193;6;-0.352;0.306;3.123;7;-0.364;0.265;3.109;8;0.054;0.767;3.230;9;0.128;0.494;3.191;10;0.147;0.286;3.111;11;0.149;0.216;3.104;12;-0.177;0.440;3.089;13;-0.133;0.063;3.154;14;-0.144;-0.249;3.216;15;-0.134;-0.282;3.128;16;-0.040;0.460;3.117;17;0.001;0.059;3.165;18;0.043;-0.260;3.235;19;0.012;-0.328;3.216
Frame15;0.281;0;-0.103;0.511;3.131;1;-0.105;0.556;3.199;2;-0.078;0.900;3.285;3;-0.084;1.087;3.272;4;-0.235;0.768;3.194;5;-0.328;0.522;3.196;6;-0.353;0.313;3.123;7;-0.363;0.270;3.107;8;0.055;0.767;3.230;9;0.130;0.502;3.199;10;0.147;0.295;3.113;11;0.149;0.240;3.108;12;-0.176;0.441;3.086;13;-0.134;0.064;3.153;14;-0.144;-0.249;3.216;15;-0.134;-0.282;3.128;16;-0.037;0.465;3.117;17;0.000;0.060;3.164;18;0.041;-0.260;3.234;19;0.028;-0.310;3.177
Frame16;0.298;0;-0.103;0.511;3.131;1;-0.105;0.556;3.199;2;-0.078;0.900;3.285;3;-0.084;1.087;3.272;4;-0.235;0.768;3.194;5;-0.328;0.522;3.196;6;-0.353;0.313;3.123;7;-0.363;0.270;3.107;8;0.055;0.767;3.230;9;0.130;0.502;3.199;10;0.147;0.295;3.113;11;0.149;0.240;3.108;12;-0.176;0.441;3.086;13;-0.134;0.064;3.153;14;-0.144;-0.249;3.216;15;-0.134;-0.282;3.128;16;-0.037;0.465;3.117;17;0.000;0.060;3.164;18;0.041;-0.260;3.234;19;0.028;-0.310;3.177
Frame17;0.315;0;-0.098;0.516;3.131;1;-0.102;0.559;3.198;2;-0.078;0.901;3.284;3;-0.087;1.088;3.268;4;-0.235;0.769;3.194;5;-0.330;0.527;3.198;6;-0.354;0.319;3.123;7;-0.362;0.275;3.105;8;0.056;0.768;3.229;9;0.133;0.510;3.206;10;0.148;0.305;3.114;11;0.149;0.257;3.112;12;-0.156;0.444;3.094;13;-0.134;0.066;3.151;14;-0.144;-0.249;3.216;15;-0.134;-0.282;3.128;16;-0.033;0.471;3.117;17;0.000;0.061;3.164;18;0.039;-0.260;3.234;19;0.040;-0.321;3.189
Frame18;0.332;0;-0.098;0.516;3.131;1;-0.102;0.559;3.198;2;-0.078;0.901;3.284;3;-0.087;1.088;3.268;4;-0.235;0.769;3.194;5;-0.330;0.527;3.198;6;-0.354;0.319;3.123;7;-0.362;0.275;3.105;8;0.056;0.768;3.229;9;0.133;0.510;3.206;10;0.148;0.305;3.114;11;0.149;0.257;3.112;12;-0.156;0.444;3.094;13;-0.134;0.066;3.151;14;-0.144;-0.249;3.216;15;-0.134;-0.282;3.128;16;-0.033;0.471;3.117;17;0.000;0.061;3.164;18;0.039;-0.260;3.234;19;0.040;-0.321;3.189
Frame19;0.349;0;-0.098;0.516;3.131;1;-0.102;0.559;3.198;2;-0.078;0.901;3.284;3;-0.087;1.088;3.268;4;-0.235;0.769;3.194;5;-0.330;0.527;3.198;6;-0.354;0.319;3.123;7;-0.362;0.275;3.105;8;0.056;0.768;3.229;9;0.133;0.510;3.206;10;0.148;0.305;3.114;11;0.149;0.257;3.112;12;-0.156;0.444;3.094;13;-0.134;0.066;3.151;14;-0.144;-0.249;3.216;15;-0.134;-0.282;3.128;16;-0.033;0.471;3.117;17;0.000;0.061;3.164;18;0.039;-0.260;3.234;19;0.040;-0.321;3.189
Frame20;0.366;0;-0.091;0.519;3.130;1;-0.098;0.562;3.197;2;-0.079;0.901;3.282;3;-0.088;1.089;3.267;4;-0.233;0.771;3.192;5;-0.332;0.532;3.199;6;-0.356;0.325;3.122;7;-0.362;0.278;3.103;8;0.057;0.770;3.228;9;0.137;0.520;3.213;10;0.149;0.316;3.115;11;0.150;0.274;3.115;12;-0.145;0.446;3.093;13;-0.135;0.068;3.149;14;-0.144;-0.250;3.216;15;-0.134;-0.282;3.128;16;-0.019;0.473;3.119;17;0.000;0.061;3.163;18;0.038;-0.260;3.234;19;0.043;-0.328;3.193
Frame21;0.383;0;-0.089;0.521;3.130;1;-0.097;0.564;3.196;2;-0.081;0.903;3.277;3;-0.089;1.090;3.265;4;-0.232;0.773;3.190;5;-0.333;0.536;3.201;6;-0.359;0.332;3.120;7;-0.364;0.278;3.098;8;0.058;0.772;3.228;9;0.151;0.540;3.223;10;0.153;0.337;3.120;11;0.153;0.291;3.117;12;-0.142;0.447;3.093;13;-0.136;0.070;3.148;14;-0.144;-0.250;3.216;15;-0.134;-0.282;3.128;16;-0.017;0.475;3.118;17;-0.001;0.062;3.162;18;0.038;-0.260;3.233;19;0.046;-0.334;3.201
Frame22;0.400;0;-0.089;0.521;3.130;1;-0.097;0.564;3.196;2;-0.081;0.903;3.277;3;-0.089;1.090;3.265;4;-0.232;0.773;3.190;5;-0.333;0.536;3.201;6;-0.359;0.332;3.120;7;-0.364;0.278;3.098;8;0.058;0.772;3.228;9;0.151;0.540;3.223;10;0.153;0.337;3.120;11;0.153;0.291;3.117;12;-0.142;0.447;3.093;13;-0.136;0.070;3.148;14;-0.144;-0.250;3.216;15;-0.134;-0.282;3.128;16;-0.017;0.475;3.118;17;-0.001;0.062;3.162;18;0.038;-0.260;3.233;19;0.046;-0.334;3.201
Frame23;0.416;0;-0.089;0.521;3.130;1;-0.097;0.564;3.196;2;-0.081;0.903;3.277;3;-0.089;1.090;3.265;4;-0.232;0.773;3.190;5;-0.333;0.536;3.201;6;-0.359;0.332;3.120;7;-0.364;0.278;3.098;8;0.058;0.772;3.228;9;0.151;0.540;3.223;10;0.153;0.337;3.120;11;0.153;0.291;3.117;12;-0.142;0.447;3.093;13;-0.136;0.070;3.148;14;-0.144;-0.250;3.216;15;-0.134;-0.282;3.128;16;-0.017;0.475;3.118;17;-0.001;0.062;3.162;18;0.038;-0.260;3.233;19;0.046;-0.334;3.201
Frame24;0.433;0;-0.081;0.528;3.129;1;-0.092;0.569;3.194;2;-0.083;0.904;3.272;3;-0.092;1.091;3.263;4;-0.233;0.774;3.189;5;-0.334;0.540;3.201;6;-0.362;0.337;3.118;7;-0.366;0.278;3.094;8;0.059;0.773;3.228;9;0.178;0.580;3.236;10;0.161;0.373;3.125;11;0.160;0.315;3.118;12;-0.129;0.465;3.091;13;-0.136;0.071;3.146;14;-0.144;-0.250;3.216;15;-0.134;-0.282;3.128;16;-0.006;0.475;3.118;17;-0.001;0.063;3.161;18;0.037;-0.261;3.233;19;0.040;-0.340;3.210
Frame25;0.450;0;-0.077;0.533;3.128;1;-0.088;0.574;3.193;2;-0.086;0.905;3.268;3;-0.096;1.094;3.260;4;-0.236;0.776;3.188;5;-0.335;0.542;3.201;6;-0.365;0.342;3.115;7;-0.369;0.277;3.084;8;0.059;0.776;3.229;9;0.215;0.635;3.249;10;0.196;0.442;3.121;11;0.197;0.384;3.115;12;-0.127;0.471;3.090;13;-0.136;0.074;3.144;14;-0.144;-0.250;3.216;15;-0.134;-0.283;3.128;16;-0.001;0.475;3.118;17;-0.001;0.063;3.160;18;0.037;-0.261;3.232;19;0.048;-0.317;3.170
Frame26;0.467;0;-0.077;0.533;3.128;1;-0.088;0.574;3.193;2;-0.086;0.905;3.268;3;-0.096;1.094;3.260;4;-0.236;0.776;3.188;5;-0.335;0.542;3.201;6;-0.365;0.342;3.115;7;-0.369;0.277;3.084;8;0.059;0.776;3.229;9;0.215;0.635;3.249;10;0.196;0.442;3.121;11;0.197;0.384;3.115;12;-0.127;0.471;3.090;13;-0.136;0.074;3.144;14;-0.144;-0.250;3.216;15;-0.134;-0.283;3.128;16;-0.001;0.475;3.118;17;-0.001;0.063;3.160;18;0.037;-0.261;3.232;19;0.048;-0.317;3.170
Frame27;0.484;0;-0.090;0.557;3.137;1;-0.093;0.589;3.197;2;-0.087;0.906;3.264;3;-0.102;1.096;3.257;4;-0.241;0.777;3.189;5;-0.335;0.544;3.201;6;-0.367;0.345;3.112;7;-0.371;0.276;3.077;8;0.060;0.780;3.230;9;0.243;0.677;3.251;10;0.244;0.502;3.104;11;0.243;0.462;3.115;12;-0.158;0.494;3.103;13;-0.137;0.076;3.142;14;-0.144;-0.250;3.216;15;-0.134;-0.283;3.128;16;-0.016;0.489;3.125;17;-0.003;0.065;3.157;18;0.037;-0.262;3.231;19;0.050;-0.301;3.142
Frame28;0.500;0;-0.090;0.557;3.137;1;-0.093;0.589;3.197;2;-0.087;0.906;3.264;3;-0.102;1.096;3.257;4;-0.241;0.777;3.189;5;-0.335;0.544;3.201;6;-0.367;0.345;3.112;7;-0.371;0.276;3.077;8;0.060;0.780;3.230;9;0.243;0.677;3.251;10;0.244;0.502;3.104;11;0.243;0.462;3.115;12;-0.158;0.494;3.103;13;-0.137;0.076;3.142;14;-0.144;-0.250;3.216;15;-0.134;-0.283;3.128;16;-0.016;0.489;3.125;17;-0.003;0.065;3.157;18;0.037;-0.262;3.231;19;0.050;-0.301;3.142
Frame29;0.517;0;-0.116;0.572;3.130;1;-0.108;0.603;3.192;2;-0.089;0.908;3.261;3;-0.119;1.098;3.249;4;-0.253;0.776;3.194;5;-0.336;0.544;3.201;6;-0.369;0.346;3.111;7;-0.374;0.274;3.070;8;0.059;0.788;3.229;9;0.267;0.733;3.253;10;0.297;0.573;3.093;11;0.290;0.546;3.110;12;-0.200;0.502;3.106;13;-0.137;0.077;3.141;14;-0.144;-0.250;3.216;15;-0.135;-0.283;3.128;16;-0.048;0.506;3.095;17;-0.005;0.067;3.154;18;0.036;-0.261;3.228;19;0.029;-0.318;3.173
Frame30;0.534;0;-0.116;0.572;3.130;1;-0.108;0.603;3.192;2;-0.089;0.908;3.261;3;-0.119;1.098;3.249;4;-0.253;0.776;3.194;5;-0.336;0.544;3.201;6;-0.369;0.346;3.111;7;-0.374;0.274;3.070;8;0.059;0.788;3.229;9;0.267;0.733;3.253;10;0.297;0.573;3.093;11;0.290;0.546;3.110;12;-0.200;0.502;3.106;13;-0.137;0.077;3.141;14;-0.144;-0.250;3.216;15;-0.135;-0.283;3.128;16;-0.048;0.506;3.095;17;-0.005;0.067;3.154;18;0.036;-0.261;3.228;19;0.029;-0.318;3.173
Frame31;0.551;0;-0.150;0.563;3.141;1;-0.135;0.604;3.198;2;-0.091;0.909;3.258;3;-0.130;1.099;3.244;4;-0.260;0.773;3.195;5;-0.337;0.543;3.201;6;-0.372;0.344;3.110;7;-0.377;0.267;3.070;8;0.058;0.797;3.229;9;0.284;0.795;3.254;10;0.339;0.646;3.088;11;0.329;0.624;3.107;12;-0.241;0.498;3.120;13;-0.137;0.078;3.140;14;-0.144;-0.250;3.216;15;-0.135;-0.283;3.128;16;-0.085;0.484;3.108;17;-0.006;0.070;3.149;18;0.036;-0.261;3.224;19;0.034;-0.300;3.141
Frame32;0.568;0;-0.150;0.563;3.141;1;-0.135;0.604;3.198;2;-0.091;0.909;3.258;3;-0.130;1.099;3.244;4;-0.260;0.773;3.195;5;-0.337;0.543;3.201;6;-0.372;0.344;3.110;7;-0.377;0.267;3.070;8;0.058;0.797;3.229;9;0.284;0.795;3.254;10;0.339;0.646;3.088;11;0.329;0.624;3.107;12;-0.241;0.498;3.120;13;-0.137;0.078;3.140;14;-0.144;-0.250;3.216;15;-0.135;-0.283;3.128;16;-0.085;0.484;3.108;17;-0.006;0.070;3.149;18;0.036;-0.261;3.224;19;0.034;-0.300;3.141
Frame33;0.585;0;-0.138;0.546;3.133;1;-0.134;0.598;3.195;2;-0.093;0.910;3.255;3;-0.142;1.098;3.240;4;-0.265;0.771;3.195;5;-0.338;0.533;3.201;6;-0.370;0.324;3.122;7;-0.377;0.264;3.080;8;0.057;0.805;3.228;9;0.286;0.847;3.262;10;0.377;0.733;3.080;11;0.372;0.703;3.108;12;-0.216;0.472;3.118;13;-0.137;0.078;3.140;14;-0.144;-0.250;3.216;15;-0.135;-0.283;3.128;16;-0.069;0.469;3.094;17;-0.005;0.078;3.136;18;0.045;-0.251;3.197;19;0.046;-0.282;3.103
Frame34;0.602;0;-0.138;0.546;3.133;1;-0.134;0.598;3.195;2;-0.093;0.910;3.255;3;-0.142;1.098;3.240;4;-0.265;0.771;3.195;5;-0.338;0.533;3.201;6;-0.370;0.324;3.122;7;-0.377;0.264;3.080;8;0.057;0.805;3.228;9;0.286;0.847;3.262;10;0.377;0.733;3.080;11;0.372;0.703;3.108;12;-0.216;0.472;3.118;13;-0.137;0.078;3.140;14;-0.144;-0.250;3.216;15;-0.135;-0.283;3.128;16;-0.069;0.469;3.094;17;-0.005;0.078;3.136;18;0.045;-0.251;3.197;19;0.046;-0.282;3.103
Frame35;0.619;0;-0.135;0.544;3.132;1;-0.134;0.597;3.194;2;-0.095;0.911;3.252;3;-0.149;1.098;3.238;4;-0.268;0.770;3.195;5;-0.339;0.525;3.201;6;-0.368;0.312;3.129;7;-0.377;0.262;3.091;8;0.057;0.825;3.230;9;0.274;0.917;3.280;10;0.388;0.813;3.105;11;0.412;0.782;3.108;12;-0.215;0.467;3.123;13;-0.138;0.078;3.139;14;-0.144;-0.250;3.215;15;-0.136;-0.283;3.127;16;-0.063;0.470;3.091;17;0.000;0.086;3.124;18;0.050;-0.247;3.185;19;0.052;-0.274;3.087
Frame36;0.636;0;-0.135;0.544;3.132;1;-0.134;0.597;3.194;2;-0.095;0.911;3.252;3;-0.149;1.098;3.238;4;-0.268;0.770;3.195;5;-0.339;0.525;3.201;6;-0.368;0.312;3.129;7;-0.377;0.262;3.091;8;0.057;0.825;3.230;9;0.274;0.917;3.280;10;0.388;0.813;3.105;11;0.412;0.782;3.108;12;-0.215;0.467;3.123;13;-0.138;0.078;3.139;14;-0.144;-0.250;3.215;15;-0.136;-0.283;3.127;16;-0.063;0.470;3.091;17;0.000;0.086;3.124;18;0.050;-0.247;3.185;19;0.052;-0.274;3.087
Frame37;0.653;0;-0.129;0.541;3.131;1;-0.130;0.595;3.193;2;-0.097;0.912;3.250;3;-0.154;1.097;3.237;4;-0.271;0.765;3.194;5;-0.340;0.518;3.202;6;-0.365;0.303;3.134;7;-0.370;0.229;3.120;8;0.056;0.834;3.229;9;0.267;0.937;3.286;10;0.402;0.884;3.090;11;0.425;0.864;3.085;12;-0.205;0.460;3.124;13;-0.139;0.078;3.139;14;-0.145;-0.249;3.215;15;-0.138;-0.282;3.126;16;-0.057;0.471;3.088;17;0.010;0.103;3.101;18;0.055;-0.242;3.173;19;0.057;-0.268;3.075
Frame38;0.670;0;-0.129;0.541;3.131;1;-0.130;0.595;3.193;2;-0.097;0.912;3.250;3;-0.154;1.097;3.237;4;-0.271;0.765;3.194;5;-0.340;0.518;3.202;6;-0.365;0.303;3.134;7;-0.370;0.229;3.120;8;0.056;0.834;3.229;9;0.267;0.937;3.286;10;0.402;0.884;3.090;11;0.425;0.864;3.085;12;-0.205;0.460;3.124;13;-0.139;0.078;3.139;14;-0.145;-0.249;3.215;15;-0.138;-0.282;3.126;16;-0.057;0.471;3.088;17;0.010;0.103;3.101;18;0.055;-0.242;3.173;19;0.057;-0.268;3.075
Frame39;0.687;0;-0.123;0.541;3.130;1;-0.124;0.593;3.192;2;-0.098;0.913;3.248;3;-0.157;1.097;3.235;4;-0.273;0.762;3.193;5;-0.341;0.518;3.205;6;-0.363;0.302;3.140;7;-0.367;0.231;3.137;8;0.055;0.840;3.229;9;0.267;0.961;3.276;10;0.428;0.974;3.084;11;0.432;0.947;3.092;12;-0.194;0.459;3.122;13;-0.140;0.079;3.138;14;-0.145;-0.249;3.215;15;-0.139;-0.282;3.125;16;-0.050;0.473;3.088;17;0.014;0.111;3.091;18;0.058;-0.240;3.167;19;0.059;-0.265;3.069
Frame40;0.703;0;-0.123;0.541;3.130;1;-0.124;0.593;3.192;2;-0.098;0.913;3.248;3;-0.157;1.097;3.235;4;-0.273;0.762;3.193;5;-0.341;0.518;3.205;6;-0.363;0.302;3.140;7;-0.367;0.231;3.137;8;0.055;0.840;3.229;9;0.267;0.961;3.276;10;0.428;0.974;3.084;11;0.432;0.947;3.092;12;-0.194;0.459;3.122;13;-0.140;0.079;3.138;14;-0.145;-0.249;3.215;15;-0.139;-0.282;3.125;16;-0.050;0.473;3.088;17;0.014;0.111;3.091;18;0.058;-0.240;3.167;19;0.059;-0.265;3.069
Frame41;0.720;0;-0.111;0.540;3.128;1;-0.115;0.591;3.191;2;-0.099;0.913;3.246;3;-0.159;1.097;3.235;4;-0.269;0.761;3.190;5;-0.351;0.546;3.228;6;-0.377;0.335;3.167;7;-0.370;0.249;3.155;8;0.055;0.845;3.229;9;0.268;0.970;3.267;10;0.414;1.039;3.074;11;0.422;1.035;3.084;12;-0.175;0.457;3.122;13;-0.142;0.078;3.138;14;-0.145;-0.249;3.214;15;-0.140;-0.281;3.125;16;-0.039;0.475;3.086;17;0.016;0.114;3.085;18;0.060;-0.238;3.162;19;0.062;-0.263;3.064
Frame42;0.737;0;-0.111;0.540;3.128;1;-0.115;0.591;3.191;2;-0.099;0.913;3.246;3;-0.159;1.097;3.235;4;-0.269;0.761;3.190;5;-0.351;0.546;3.228;6;-0.377;0.335;3.167;7;-0.370;0.249;3.155;8;0.055;0.845;3.229;9;0.268;0.970;3.267;10;0.414;1.039;3.074;11;0.422;1.035;3.084;12;-0.175;0.457;3.122;13;-0.142;0.078;3.138;14;-0.145;-0.249;3.214;15;-0.140;-0.281;3.125;16;-0.039;0.475;3.086;17;0.016;0.114;3.085;18;0.060;-0.238;3.162;19;0.062;-0.263;3.064
Frame43;0.753;0;-0.105;0.540;3.127;1;-0.109;0.590;3.190;2;-0.099;0.914;3.245;3;-0.154;1.096;3.234;4;-0.263;0.761;3.188;5;-0.381;0.568;3.256;6;-0.384;0.354;3.178;7;-0.373;0.262;3.167;8;0.054;0.847;3.227;9;0.271;0.968;3.268;10;0.390;1.090;3.099;11;0.411;1.112;3.091;12;-0.166;0.457;3.120;13;-0.145;0.078;3.138;14;-0.146;-0.249;3.213;15;-0.141;-0.281;3.124;16;-0.034;0.477;3.086;17;0.018;0.115;3.081;18;0.062;-0.237;3.159;19;0.064;-0.262;3.061
Frame44;0.771;0;-0.105;0.540;3.127;1;-0.109;0.590;3.190;2;-0.099;0.914;3.245;3;-0.154;1.096;3.234;4;-0.263;0.761;3.188;5;-0.381;0.568;3.256;6;-0.384;0.354;3.178;7;-0.373;0.262;3.167;8;0.054;0.847;3.227;9;0.271;0.968;3.268;10;0.390;1.090;3.099;11;0.411;1.112;3.091;12;-0.166;0.457;3.120;13;-0.145;0.078;3.138;14;-0.146;-0.249;3.213;15;-0.141;-0.281;3.124;16;-0.034;0.477;3.086;17;0.018;0.115;3.081;18;0.062;-0.237;3.159;19;0.064;-0.262;3.061
Frame45;0.788;0;-0.096;0.543;3.126;1;-0.100;0.592;3.188;2;-0.097;0.916;3.242;3;-0.148;1.096;3.234;4;-0.260;0.764;3.187;5;-0.413;0.621;3.282;6;-0.410;0.411;3.203;7;-0.392;0.343;3.200;8;0.057;0.849;3.225;9;0.275;0.959;3.269;10;0.369;1.114;3.118;11;0.389;1.167;3.105;12;-0.159;0.460;3.118;13;-0.153;0.089;3.130;14;-0.146;-0.248;3.212;15;-0.142;-0.280;3.122;16;-0.026;0.481;3.087;17;0.019;0.114;3.079;18;0.063;-0.236;3.157;19;0.065;-0.262;3.061
Frame46;0.805;0;-0.096;0.543;3.126;1;-0.100;0.592;3.188;2;-0.097;0.916;3.242;3;-0.148;1.096;3.234;4;-0.260;0.764;3.187;5;-0.413;0.621;3.282;6;-0.410;0.411;3.203;7;-0.392;0.343;3.200;8;0.057;0.849;3.225;9;0.275;0.959;3.269;10;0.369;1.114;3.118;11;0.389;1.167;3.105;12;-0.159;0.460;3.118;13;-0.153;0.089;3.130;14;-0.146;-0.248;3.212;15;-0.142;-0.280;3.122;16;-0.026;0.481;3.087;17;0.019;0.114;3.079;18;0.063;-0.236;3.157;19;0.065;-0.262;3.061
Frame47;0.822;0;-0.065;0.557;3.130;1;-0.074;0.603;3.190;2;-0.090;0.922;3.237;3;-0.132;1.101;3.233;4;-0.253;0.771;3.187;5;-0.433;0.696;3.288;6;-0.448;0.486;3.224;7;-0.429;0.411;3.222;8;0.075;0.856;3.232;9;0.287;0.937;3.268;10;0.345;1.138;3.144;11;0.339;1.172;3.120;12;-0.133;0.473;3.117;13;-0.159;0.099;3.123;14;-0.147;-0.247;3.209;15;-0.143;-0.279;3.119;16;0.014;0.495;3.101;17;0.021;0.111;3.079;18;0.063;-0.235;3.156;19;0.067;-0.262;3.062
Frame48;0.839;0;-0.065;0.557;3.130;1;-0.074;0.603;3.190;2;-0.090;0.922;3.237;3;-0.132;1.101;3.233;4;-0.253;0.771;3.187;5;-0.433;0.696;3.288;6;-0.448;0.486;3.224;7;-0.429;0.411;3.222;8;0.075;0.856;3.232;9;0.287;0.937;3.268;10;0.345;1.138;3.144;11;0.339;1.172;3.120;12;-0.133;0.473;3.117;13;-0.159;0.099;3.123;14;-0.147;-0.247;3.209;15;-0.143;-0.279;3.119;16;0.014;0.495;3.101;17;0.021;0.111;3.079;18;0.063;-0.235;3.156;19;0.067;-0.262;3.062
Frame49;0.855;0;-0.057;0.560;3.132;1;-0.065;0.606;3.191;2;-0.084;0.926;3.234;3;-0.116;1.107;3.235;4;-0.248;0.792;3.192;5;-0.460;0.747;3.300;6;-0.470;0.540;3.229;7;-0.470;0.484;3.217;8;0.087;0.852;3.227;9;0.301;0.898;3.263;10;0.327;1.123;3.176;11;0.317;1.192;3.156;12;-0.127;0.477;3.118;13;-0.162;0.104;3.119;14;-0.150;-0.245;3.201;15;-0.146;-0.277;3.111;16;0.021;0.495;3.104;17;0.022;0.104;3.085;18;0.062;-0.236;3.163;19;0.066;-0.266;3.073
Frame50;0.872;0;-0.057;0.560;3.132;1;-0.065;0.606;3.191;2;-0.084;0.926;3.234;3;-0.116;1.107;3.235;4;-0.248;0.792;3.192;5;-0.460;0.747;3.300;6;-0.470;0.540;3.229;7;-0.470;0.484;3.217;8;0.087;0.852;3.227;9;0.301;0.898;3.263;10;0.327;1.123;3.176;11;0.317;1.192;3.156;12;-0.127;0.477;3.118;13;-0.162;0.104;3.119;14;-0.150;-0.245;3.201;15;-0.146;-0.277;3.111;16;0.021;0.495;3.104;17;0.022;0.104;3.085;18;0.062;-0.236;3.163;19;0.066;-0.266;3.073
Frame51;0.889;0;-0.049;0.564;3.135;1;-0.057;0.610;3.194;2;-0.078;0.930;3.232;3;-0.093;1.117;3.239;4;-0.245;0.803;3.194;5;-0.467;0.813;3.287;6;-0.527;0.619;3.244;7;-0.535;0.551;3.222;8;0.096;0.849;3.225;9;0.337;0.871;3.256;10;0.311;1.115;3.203;11;0.295;1.174;3.205;12;-0.121;0.482;3.119;13;-0.163;0.108;3.115;14;-0.154;-0.242;3.190;15;-0.150;-0.274;3.101;16;0.038;0.498;3.124;17;0.025;0.099;3.092;18;0.061;-0.238;3.170;19;0.064;-0.269;3.083
Frame52;0.905;0;-0.049;0.564;3.135;1;-0.057;0.610;3.194;2;-0.078;0.930;3.232;3;-0.093;1.117;3.239;4;-0.245;0.803;3.194;5;-0.467;0.813;3.287;6;-0.527;0.619;3.244;7;-0.535;0.551;3.222;8;0.096;0.849;3.225;9;0.337;0.871;3.256;10;0.311;1.115;3.203;11;0.295;1.174;3.205;12;-0.121;0.482;3.119;13;-0.163;0.108;3.115;14;-0.154;-0.242;3.190;15;-0.150;-0.274;3.101;16;0.038;0.498;3.124;17;0.025;0.099;3.092;18;0.061;-0.238;3.170;19;0.064;-0.269;3.083
Frame53;0.923;0;-0.047;0.567;3.137;1;-0.053;0.613;3.195;2;-0.073;0.933;3.230;3;-0.074;1.124;3.242;4;-0.242;0.819;3.198;5;-0.484;0.860;3.277;6;-0.601;0.695;3.205;7;-0.627;0.642;3.175;8;0.103;0.845;3.222;9;0.336;0.813;3.244;10;0.321;1.052;3.235;11;0.300;1.109;3.244;12;-0.123;0.488;3.119;13;-0.164;0.111;3.109;14;-0.158;-0.238;3.177;15;-0.154;-0.271;3.088;16;0.029;0.497;3.129;17;0.027;0.094;3.103;18;0.059;-0.239;3.177;19;0.062;-0.272;3.090
Frame54;0.939;0;-0.047;0.567;3.137;1;-0.053;0.613;3.195;2;-0.073;0.933;3.230;3;-0.074;1.124;3.242;4;-0.242;0.819;3.198;5;-0.484;0.860;3.277;6;-0.601;0.695;3.205;7;-0.627;0.642;3.175;8;0.103;0.845;3.222;9;0.336;0.813;3.244;10;0.321;1.052;3.235;11;0.300;1.109;3.244;12;-0.123;0.488;3.119;13;-0.164;0.111;3.109;14;-0.158;-0.238;3.177;15;-0.154;-0.271;3.088;16;0.029;0.497;3.129;17;0.027;0.094;3.103;18;0.059;-0.239;3.177;19;0.062;-0.272;3.090
Frame55;0.956;0;-0.049;0.569;3.140;1;-0.051;0.615;3.197;2;-0.065;0.935;3.229;3;-0.039;1.129;3.249;4;-0.233;0.852;3.207;5;-0.480;0.911;3.272;6;-0.653;0.778;3.217;7;-0.705;0.733;3.193;8;0.109;0.838;3.212;9;0.329;0.762;3.235;10;0.330;1.006;3.249;11;0.298;1.069;3.272;12;-0.130;0.496;3.120;13;-0.163;0.113;3.102;14;-0.160;-0.235;3.166;15;-0.158;-0.267;3.077;16;0.017;0.495;3.131;17;0.028;0.092;3.112;18;0.054;-0.244;3.192;19;0.056;-0.278;3.106
Frame56;0.973;0;-0.049;0.569;3.140;1;-0.051;0.615;3.197;2;-0.065;0.935;3.229;3;-0.039;1.129;3.249;4;-0.233;0.852;3.207;5;-0.480;0.911;3.272;6;-0.653;0.778;3.217;7;-0.705;0.733;3.193;8;0.109;0.838;3.212;9;0.329;0.762;3.235;10;0.330;1.006;3.249;11;0.298;1.069;3.272;12;-0.130;0.496;3.120;13;-0.163;0.113;3.102;14;-0.160;-0.235;3.166;15;-0.158;-0.267;3.077;16;0.017;0.495;3.131;17;0.028;0.092;3.112;18;0.054;-0.244;3.192;19;0.056;-0.278;3.106
Frame57;0.989;0;-0.056;0.570;3.143;1;-0.054;0.616;3.199;2;-0.059;0.935;3.230;3;-0.024;1.129;3.252;4;-0.229;0.864;3.210;5;-0.462;0.960;3.287;6;-0.647;0.853;3.202;7;-0.648;0.828;3.198;8;0.112;0.829;3.206;9;0.306;0.701;3.228;10;0.370;0.947;3.260;11;0.335;1.005;3.289;12;-0.138;0.501;3.121;13;-0.159;0.116;3.088;14;-0.161;-0.226;3.143;15;-0.160;-0.259;3.054;16;0.001;0.488;3.133;17;0.032;0.087;3.132;18;0.051;-0.248;3.202;19;0.053;-0.281;3.114
Frame58;1.006;0;-0.056;0.570;3.143;1;-0.054;0.616;3.199;2;-0.059;0.935;3.230;3;-0.024;1.129;3.252;4;-0.229;0.864;3.210;5;-0.462;0.960;3.287;6;-0.647;0.853;3.202;7;-0.648;0.828;3.198;8;0.112;0.829;3.206;9;0.306;0.701;3.228;10;0.370;0.947;3.260;11;0.335;1.005;3.289;12;-0.138;0.501;3.121;13;-0.159;0.116;3.088;14;-0.161;-0.226;3.143;15;-0.160;-0.259;3.054;16;0.001;0.488;3.133;17;0.032;0.087;3.132;18;0.051;-0.248;3.202;19;0.053;-0.281;3.114
Frame59;1.023;0;-0.053;0.568;3.143;1;-0.051;0.615;3.200;2;-0.054;0.934;3.232;3;-0.015;1.126;3.253;4;-0.226;0.871;3.212;5;-0.460;0.981;3.289;6;-0.655;0.894;3.192;7;-0.675;0.899;3.194;8;0.113;0.808;3.196;9;0.287;0.654;3.216;10;0.421;0.847;3.234;11;0.424;0.903;3.246;12;-0.122;0.497;3.115;13;-0.154;0.123;3.072;14;-0.162;-0.209;3.109;15;-0.162;-0.242;3.020;16;0.011;0.485;3.131;17;0.037;0.084;3.145;18;0.050;-0.250;3.208;19;0.051;-0.284;3.120
Frame60;1.040;0;-0.053;0.568;3.143;1;-0.051;0.615;3.200;2;-0.054;0.934;3.232;3;-0.015;1.126;3.253;4;-0.226;0.871;3.212;5;-0.460;0.981;3.289;6;-0.655;0.894;3.192;7;-0.675;0.899;3.194;8;0.113;0.808;3.196;9;0.287;0.654;3.216;10;0.421;0.847;3.234;11;0.424;0.903;3.246;12;-0.122;0.497;3.115;13;-0.154;0.123;3.072;14;-0.162;-0.209;3.109;15;-0.162;-0.242;3.020;16;0.011;0.485;3.131;17;0.037;0.084;3.145;18;0.050;-0.250;3.208;19;0.051;-0.284;3.120
Frame61;1.057;0;-0.042;0.545;3.150;1;-0.044;0.599;3.206;2;-0.048;0.928;3.233;3;-0.009;1.117;3.251;4;-0.208;0.844;3.206;5;-0.426;1.008;3.293;6;-0.643;0.988;3.199;7;-0.704;0.996;3.182;8;0.112;0.782;3.193;9;0.260;0.597;3.218;10;0.449;0.727;3.185;11;0.463;0.777;3.220;12;-0.106;0.483;3.114;13;-0.150;0.126;3.060;14;-0.163;-0.198;3.088;15;-0.162;-0.231;2.999;16;0.020;0.456;3.149;17;0.040;0.083;3.151;18;0.049;-0.251;3.211;19;0.050;-0.285;3.123
Frame62;1.073;0;-0.042;0.545;3.150;1;-0.044;0.599;3.206;2;-0.048;0.928;3.233;3;-0.009;1.117;3.251;4;-0.208;0.844;3.206;5;-0.426;1.008;3.293;6;-0.643;0.988;3.199;7;-0.704;0.996;3.182;8;0.112;0.782;3.193;9;0.260;0.597;3.218;10;0.449;0.727;3.185;11;0.463;0.777;3.220;12;-0.106;0.483;3.114;13;-0.150;0.126;3.060;14;-0.163;-0.198;3.088;15;-0.162;-0.231;2.999;16;0.020;0.456;3.149;17;0.040;0.083;3.151;18;0.049;-0.251;3.211;19;0.050;-0.285;3.123
Frame63;1.090;0;-0.045;0.527;3.149;1;-0.045;0.583;3.207;2;-0.042;0.916;3.235;3;-0.004;1.098;3.249;4;-0.185;0.814;3.200;5;-0.407;0.984;3.286;6;-0.624;1.054;3.202;7;-0.694;1.058;3.184;8;0.112;0.762;3.191;9;0.238;0.557;3.214;10;0.466;0.604;3.142;11;0.512;0.644;3.170;12;-0.110;0.474;3.115;13;-0.145;0.122;3.045;14;-0.163;-0.193;3.078;15;-0.162;-0.226;2.989;16;0.015;0.438;3.143;17;0.044;0.081;3.154;18;0.051;-0.248;3.205;19;0.053;-0.281;3.116
Frame64;1.107;0;-0.045;0.527;3.149;1;-0.045;0.583;3.207;2;-0.042;0.916;3.235;3;-0.004;1.098;3.249;4;-0.185;0.814;3.200;5;-0.407;0.984;3.286;6;-0.624;1.054;3.202;7;-0.694;1.058;3.184;8;0.112;0.762;3.191;9;0.238;0.557;3.214;10;0.466;0.604;3.142;11;0.512;0.644;3.170;12;-0.110;0.474;3.115;13;-0.145;0.122;3.045;14;-0.163;-0.193;3.078;15;-0.162;-0.226;2.989;16;0.015;0.438;3.143;17;0.044;0.081;3.154;18;0.051;-0.248;3.205;19;0.053;-0.281;3.116
Frame65;1.123;0;-0.025;0.516;3.151;1;-0.030;0.570;3.209;2;-0.037;0.903;3.237;3;-0.004;1.087;3.248;4;-0.186;0.804;3.223;5;-0.386;0.958;3.287;6;-0.571;1.087;3.211;7;-0.656;1.134;3.176;8;0.112;0.753;3.192;9;0.215;0.533;3.207;10;0.442;0.480;3.124;11;0.529;0.492;3.113;12;-0.087;0.451;3.113;13;-0.141;0.117;3.036;14;-0.162;-0.191;3.073;15;-0.163;-0.223;2.983;16;0.053;0.441;3.149;17;0.053;0.078;3.147;18;0.055;-0.245;3.197;19;0.054;-0.278;3.108
Frame66;1.140;0;-0.025;0.516;3.151;1;-0.030;0.570;3.209;2;-0.037;0.903;3.237;3;-0.004;1.087;3.248;4;-0.186;0.804;3.223;5;-0.386;0.958;3.287;6;-0.571;1.087;3.211;7;-0.656;1.134;3.176;8;0.112;0.753;3.192;9;0.215;0.533;3.207;10;0.442;0.480;3.124;11;0.529;0.492;3.113;12;-0.087;0.451;3.113;13;-0.141;0.117;3.036;14;-0.162;-0.191;3.073;15;-0.163;-0.223;2.983;16;0.053;0.441;3.149;17;0.053;0.078;3.147;18;0.055;-0.245;3.197;19;0.054;-0.278;3.108
Frame67;1.157;0;-0.030;0.514;3.142;1;-0.028;0.564;3.207;2;-0.034;0.892;3.238;3;-0.006;1.076;3.245;4;-0.189;0.800;3.235;5;-0.400;0.916;3.294;6;-0.534;1.119;3.206;7;-0.595;1.192;3.163;8;0.112;0.744;3.195;9;0.202;0.518;3.207;10;0.407;0.392;3.111;11;0.518;0.374;3.075;12;-0.109;0.447;3.102;13;-0.139;0.111;3.030;14;-0.160;-0.190;3.072;15;-0.161;-0.223;2.983;16;0.047;0.444;3.126;17;0.057;0.079;3.133;18;0.059;-0.242;3.188;19;0.056;-0.275;3.099
Frame68;1.174;0;-0.030;0.514;3.142;1;-0.028;0.564;3.207;2;-0.034;0.892;3.238;3;-0.006;1.076;3.245;4;-0.189;0.800;3.235;5;-0.400;0.916;3.294;6;-0.534;1.119;3.206;7;-0.595;1.192;3.163;8;0.112;0.744;3.195;9;0.202;0.518;3.207;10;0.407;0.392;3.111;11;0.518;0.374;3.075;12;-0.109;0.447;3.102;13;-0.139;0.111;3.030;14;-0.160;-0.190;3.072;15;-0.161;-0.223;2.983;16;0.047;0.444;3.126;17;0.057;0.079;3.133;18;0.059;-0.242;3.188;19;0.056;-0.275;3.099
Frame69;1.191;0;-0.045;0.516;3.135;1;-0.038;0.560;3.202;2;-0.035;0.878;3.241;3;-0.009;1.065;3.243;4;-0.192;0.799;3.242;5;-0.399;0.860;3.298;6;-0.491;1.142;3.209;7;-0.514;1.227;3.185;8;0.110;0.739;3.196;9;0.191;0.473;3.217;10;0.373;0.318;3.124;11;0.439;0.273;3.072;12;-0.140;0.442;3.125;13;-0.137;0.106;3.027;14;-0.156;-0.194;3.079;15;-0.159;-0.227;2.989;16;0.014;0.455;3.082;17;0.057;0.080;3.121;18;0.062;-0.237;3.178;19;0.058;-0.270;3.089
Frame70;1.208;0;-0.045;0.516;3.135;1;-0.038;0.560;3.202;2;-0.035;0.878;3.241;3;-0.009;1.065;3.243;4;-0.192;0.799;3.242;5;-0.399;0.860;3.298;6;-0.491;1.142;3.209;7;-0.514;1.227;3.185;8;0.110;0.739;3.196;9;0.191;0.473;3.217;10;0.373;0.318;3.124;11;0.439;0.273;3.072;12;-0.140;0.442;3.125;13;-0.137;0.106;3.027;14;-0.156;-0.194;3.079;15;-0.159;-0.227;2.989;16;0.014;0.455;3.082;17;0.057;0.080;3.121;18;0.062;-0.237;3.178;19;0.058;-0.270;3.089
Frame71;1.225;0;-0.056;0.516;3.133;1;-0.045;0.557;3.200;2;-0.034;0.865;3.244;3;-0.013;1.056;3.241;4;-0.194;0.782;3.240;5;-0.419;0.839;3.286;6;-0.437;1.116;3.231;7;-0.419;1.182;3.232;8;0.109;0.734;3.195;9;0.188;0.463;3.222;10;0.289;0.281;3.115;11;0.334;0.209;3.085;12;-0.154;0.441;3.134;13;-0.135;0.099;3.027;14;-0.151;-0.200;3.088;15;-0.156;-0.232;2.999;16;-0.004;0.447;3.082;17;0.058;0.080;3.110;18;0.063;-0.235;3.170;19;0.057;-0.267;3.081
Frame72;1.242;0;-0.056;0.516;3.133;1;-0.045;0.557;3.200;2;-0.034;0.865;3.244;3;-0.013;1.056;3.241;4;-0.194;0.782;3.240;5;-0.419;0.839;3.286;6;-0.437;1.116;3.231;7;-0.419;1.182;3.232;8;0.109;0.734;3.195;9;0.188;0.463;3.222;10;0.289;0.281;3.115;11;0.334;0.209;3.085;12;-0.154;0.441;3.134;13;-0.135;0.099;3.027;14;-0.151;-0.200;3.088;15;-0.156;-0.232;2.999;16;-0.004;0.447;3.082;17;0.058;0.080;3.110;18;0.063;-0.235;3.170;19;0.057;-0.267;3.081
Frame73;1.259;0;-0.058;0.513;3.130;1;-0.047;0.553;3.197;2;-0.033;0.858;3.245;3;-0.019;1.049;3.238;4;-0.196;0.773;3.238;5;-0.429;0.803;3.263;6;-0.404;1.064;3.243;7;-0.385;1.111;3.250;8;0.099;0.732;3.194;9;0.186;0.457;3.226;10;0.242;0.258;3.133;11;0.265;0.196;3.119;12;-0.133;0.435;3.106;13;-0.133;0.092;3.033;14;-0.147;-0.204;3.095;15;-0.154;-0.237;3.006;16;-0.005;0.445;3.090;17;0.052;0.081;3.097;18;0.048;-0.232;3.156;19;0.040;-0.264;3.067
Frame74;1.276;0;-0.058;0.513;3.130;1;-0.047;0.553;3.197;2;-0.033;0.858;3.245;3;-0.019;1.049;3.238;4;-0.196;0.773;3.238;5;-0.429;0.803;3.263;6;-0.404;1.064;3.243;7;-0.385;1.111;3.250;8;0.099;0.732;3.194;9;0.186;0.457;3.226;10;0.242;0.258;3.133;11;0.265;0.196;3.119;12;-0.133;0.435;3.106;13;-0.133;0.092;3.033;14;-0.147;-0.204;3.095;15;-0.154;-0.237;3.006;16;-0.005;0.445;3.090;17;0.052;0.081;3.097;18;0.048;-0.232;3.156;19;0.040;-0.264;3.067
Frame75;1.293;0;-0.070;0.507;3.130;1;-0.056;0.548;3.195;2;-0.033;0.854;3.245;3;-0.030;1.043;3.235;4;-0.198;0.764;3.235;5;-0.428;0.753;3.234;6;-0.390;0.997;3.241;7;-0.342;1.055;3.257;8;0.098;0.730;3.194;9;0.185;0.457;3.227;10;0.211;0.251;3.141;11;0.234;0.189;3.143;12;-0.153;0.430;3.109;13;-0.131;0.084;3.044;14;-0.143;-0.208;3.104;15;-0.150;-0.241;3.015;16;-0.015;0.439;3.091;17;0.043;0.078;3.086;18;0.046;-0.228;3.147;19;0.019;-0.282;3.131
Frame76;1.310;0;-0.070;0.507;3.130;1;-0.056;0.548;3.195;2;-0.033;0.854;3.245;3;-0.030;1.043;3.235;4;-0.198;0.764;3.235;5;-0.428;0.753;3.234;6;-0.390;0.997;3.241;7;-0.342;1.055;3.257;8;0.098;0.730;3.194;9;0.185;0.457;3.227;10;0.211;0.251;3.141;11;0.234;0.189;3.143;12;-0.153;0.430;3.109;13;-0.131;0.084;3.044;14;-0.143;-0.208;3.104;15;-0.150;-0.241;3.015;16;-0.015;0.439;3.091;17;0.043;0.078;3.086;18;0.046;-0.228;3.147;19;0.019;-0.282;3.131
Frame77;1.327;0;-0.076;0.502;3.129;1;-0.061;0.544;3.193;2;-0.033;0.851;3.246;3;-0.041;1.041;3.233;4;-0.199;0.758;3.232;5;-0.424;0.720;3.214;6;-0.381;0.956;3.228;7;-0.352;1.010;3.238;8;0.098;0.728;3.194;9;0.183;0.464;3.225;10;0.181;0.253;3.144;11;0.176;0.186;3.148;12;-0.159;0.425;3.111;13;-0.131;0.078;3.054;14;-0.140;-0.215;3.115;15;-0.147;-0.247;3.027;16;-0.019;0.435;3.093;17;0.035;0.074;3.081;18;0.043;-0.227;3.142;19;0.022;-0.269;3.091
Frame78;1.344;0;-0.076;0.502;3.129;1;-0.061;0.544;3.193;2;-0.033;0.851;3.246;3;-0.041;1.041;3.233;4;-0.199;0.758;3.232;5;-0.424;0.720;3.214;6;-0.381;0.956;3.228;7;-0.352;1.010;3.238;8;0.098;0.728;3.194;9;0.183;0.464;3.225;10;0.181;0.253;3.144;11;0.176;0.186;3.148;12;-0.159;0.425;3.111;13;-0.131;0.078;3.054;14;-0.140;-0.215;3.115;15;-0.147;-0.247;3.027;16;-0.019;0.435;3.093;17;0.035;0.074;3.081;18;0.043;-0.227;3.142;19;0.022;-0.269;3.091
Frame79;1.360;0;-0.043;0.488;3.123;1;-0.034;0.533;3.186;2;-0.033;0.849;3.246;3;-0.051;1.040;3.231;4;-0.202;0.749;3.229;5;-0.405;0.645;3.213;6;-0.410;0.853;3.174;7;-0.396;0.863;3.186;8;0.092;0.728;3.192;9;0.188;0.481;3.224;10;0.166;0.273;3.145;11;0.168;0.211;3.151;12;-0.118;0.422;3.106;13;-0.132;0.070;3.064;14;-0.136;-0.221;3.128;15;-0.144;-0.254;3.040;16;0.024;0.425;3.095;17;0.029;0.072;3.077;18;0.039;-0.227;3.139;19;0.017;-0.267;3.077
Frame80;1.377;0;-0.043;0.488;3.123;1;-0.034;0.533;3.186;2;-0.033;0.849;3.246;3;-0.051;1.040;3.231;4;-0.202;0.749;3.229;5;-0.405;0.645;3.213;6;-0.410;0.853;3.174;7;-0.396;0.863;3.186;8;0.092;0.728;3.192;9;0.188;0.481;3.224;10;0.166;0.273;3.145;11;0.168;0.211;3.151;12;-0.118;0.422;3.106;13;-0.132;0.070;3.064;14;-0.136;-0.221;3.128;15;-0.144;-0.254;3.040;16;0.024;0.425;3.095;17;0.029;0.072;3.077;18;0.039;-0.227;3.139;19;0.017;-0.267;3.077
Frame81;1.394;0;-0.038;0.483;3.121;1;-0.030;0.529;3.183;2;-0.034;0.849;3.244;3;-0.061;1.042;3.230;4;-0.206;0.739;3.223;5;-0.391;0.591;3.201;6;-0.457;0.754;3.093;7;-0.416;0.786;3.153;8;0.086;0.728;3.190;9;0.211;0.534;3.229;10;0.147;0.304;3.118;11;0.165;0.248;3.130;12;-0.111;0.419;3.098;13;-0.133;0.064;3.072;14;-0.132;-0.228;3.140;15;-0.141;-0.260;3.052;16;0.032;0.421;3.099;17;0.026;0.071;3.075;18;0.035;-0.227;3.138;19;0.015;-0.266;3.069
Frame82;1.410;0;-0.038;0.483;3.121;1;-0.030;0.529;3.183;2;-0.034;0.849;3.244;3;-0.061;1.042;3.230;4;-0.206;0.739;3.223;5;-0.391;0.591;3.201;6;-0.457;0.754;3.093;7;-0.416;0.786;3.153;8;0.086;0.728;3.190;9;0.211;0.534;3.229;10;0.147;0.304;3.118;11;0.165;0.248;3.130;12;-0.111;0.419;3.098;13;-0.133;0.064;3.072;14;-0.132;-0.228;3.140;15;-0.141;-0.260;3.052;16;0.032;0.421;3.099;17;0.026;0.071;3.075;18;0.035;-0.227;3.138;19;0.015;-0.266;3.069
Frame83;1.427;0;-0.037;0.480;3.120;1;-0.031;0.527;3.181;2;-0.037;0.852;3.242;3;-0.069;1.044;3.229;4;-0.208;0.733;3.220;5;-0.380;0.543;3.182;6;-0.259;0.542;3.291;7;-0.210;0.534;3.343;8;0.083;0.730;3.190;9;0.229;0.586;3.227;10;0.176;0.372;3.121;11;0.176;0.306;3.130;12;-0.111;0.417;3.095;13;-0.135;0.060;3.079;14;-0.130;-0.236;3.155;15;-0.138;-0.268;3.068;16;0.035;0.418;3.101;17;0.022;0.070;3.075;18;0.033;-0.228;3.138;19;0.014;-0.265;3.063
Frame84;1.444;0;-0.037;0.480;3.120;1;-0.031;0.527;3.181;2;-0.037;0.852;3.242;3;-0.069;1.044;3.229;4;-0.208;0.733;3.220;5;-0.380;0.543;3.182;6;-0.259;0.542;3.291;7;-0.210;0.534;3.343;8;0.083;0.730;3.190;9;0.229;0.586;3.227;10;0.176;0.372;3.121;11;0.176;0.306;3.130;12;-0.111;0.417;3.095;13;-0.135;0.060;3.079;14;-0.130;-0.236;3.155;15;-0.138;-0.268;3.068;16;0.035;0.418;3.101;17;0.022;0.070;3.075;18;0.033;-0.228;3.138;19;0.014;-0.265;3.063
Frame85;1.461;0;-0.049;0.484;3.120;1;-0.044;0.532;3.181;2;-0.041;0.858;3.238;3;-0.089;1.048;3.228;4;-0.212;0.729;3.214;5;-0.317;0.520;3.226;6;-0.436;0.493;3.118;7;-0.501;0.536;3.076;8;0.079;0.744;3.198;9;0.255;0.642;3.229;10;0.218;0.448;3.106;11;0.213;0.390;3.121;12;-0.128;0.415;3.103;13;-0.137;0.059;3.084;14;-0.128;-0.241;3.166;15;-0.135;-0.273;3.078;16;0.018;0.432;3.096;17;0.018;0.070;3.075;18;0.027;-0.229;3.140;19;0.013;-0.264;3.060
Frame86;1.478;0;-0.049;0.484;3.120;1;-0.044;0.532;3.181;2;-0.041;0.858;3.238;3;-0.089;1.048;3.228;4;-0.212;0.729;3.214;5;-0.317;0.520;3.226;6;-0.436;0.493;3.118;7;-0.501;0.536;3.076;8;0.079;0.744;3.198;9;0.255;0.642;3.229;10;0.218;0.448;3.106;11;0.213;0.390;3.121;12;-0.128;0.415;3.103;13;-0.137;0.059;3.084;14;-0.128;-0.241;3.166;15;-0.135;-0.273;3.078;16;0.018;0.432;3.096;17;0.018;0.070;3.075;18;0.027;-0.229;3.140;19;0.013;-0.264;3.060
Frame87;1.495;0;-0.056;0.489;3.121;1;-0.053;0.537;3.181;2;-0.046;0.862;3.235;3;-0.101;1.051;3.228;4;-0.216;0.727;3.209;5;-0.292;0.497;3.242;6;-0.431;0.415;3.100;7;-0.496;0.415;3.048;8;0.077;0.756;3.203;9;0.280;0.700;3.223;10;0.268;0.519;3.094;11;0.256;0.480;3.104;12;-0.136;0.416;3.106;13;-0.138;0.059;3.089;14;-0.128;-0.244;3.171;15;-0.134;-0.276;3.084;16;0.012;0.443;3.094;17;0.014;0.071;3.076;18;0.028;-0.229;3.139;19;0.021;-0.261;3.055
Frame88;1.512;0;-0.056;0.489;3.121;1;-0.053;0.537;3.181;2;-0.046;0.862;3.235;3;-0.101;1.051;3.228;4;-0.216;0.727;3.209;5;-0.292;0.497;3.242;6;-0.431;0.415;3.100;7;-0.496;0.415;3.048;8;0.077;0.756;3.203;9;0.280;0.700;3.223;10;0.268;0.519;3.094;11;0.256;0.480;3.104;12;-0.136;0.416;3.106;13;-0.138;0.059;3.089;14;-0.128;-0.244;3.171;15;-0.134;-0.276;3.084;16;0.012;0.443;3.094;17;0.014;0.071;3.076;18;0.028;-0.229;3.139;19;0.021;-0.261;3.055
Frame89;1.529;0;-0.071;0.499;3.122;1;-0.066;0.545;3.182;2;-0.049;0.866;3.233;3;-0.108;1.053;3.227;4;-0.219;0.726;3.206;5;-0.285;0.489;3.248;6;-0.429;0.361;3.093;7;-0.507;0.360;3.037;8;0.082;0.773;3.211;9;0.307;0.759;3.221;10;0.313;0.596;3.071;11;0.301;0.551;3.059;12;-0.163;0.420;3.117;13;-0.140;0.059;3.092;14;-0.128;-0.246;3.176;15;-0.133;-0.278;3.088;16;0.001;0.452;3.090;17;0.010;0.073;3.077;18;0.028;-0.229;3.140;19;0.025;-0.261;3.052
Frame90;1.546;0;-0.071;0.499;3.122;1;-0.066;0.545;3.182;2;-0.049;0.866;3.233;3;-0.108;1.053;3.227;4;-0.219;0.726;3.206;5;-0.285;0.489;3.248;6;-0.429;0.361;3.093;7;-0.507;0.360;3.037;8;0.082;0.773;3.211;9;0.307;0.759;3.221;10;0.313;0.596;3.071;11;0.301;0.551;3.059;12;-0.163;0.420;3.117;13;-0.140;0.059;3.092;14;-0.128;-0.246;3.176;15;-0.133;-0.278;3.088;16;0.001;0.452;3.090;17;0.010;0.073;3.077;18;0.028;-0.229;3.140;19;0.025;-0.261;3.052
Frame91;1.562;0;-0.084;0.511;3.125;1;-0.078;0.555;3.185;2;-0.054;0.870;3.231;3;-0.112;1.054;3.227;4;-0.223;0.726;3.203;5;-0.277;0.465;3.247;6;-0.402;0.284;3.078;7;-0.476;0.271;3.015;8;0.094;0.808;3.226;9;0.327;0.821;3.225;10;0.343;0.678;3.054;11;0.324;0.625;3.032;12;-0.180;0.441;3.114;13;-0.141;0.061;3.096;14;-0.128;-0.247;3.178;15;-0.132;-0.279;3.091;16;-0.006;0.456;3.092;17;0.007;0.075;3.078;18;0.033;-0.229;3.141;19;0.034;-0.260;3.051
Frame92;1.579;0;-0.084;0.511;3.125;1;-0.078;0.555;3.185;2;-0.054;0.870;3.231;3;-0.112;1.054;3.227;4;-0.223;0.726;3.203;5;-0.277;0.465;3.247;6;-0.402;0.284;3.078;7;-0.476;0.271;3.015;8;0.094;0.808;3.226;9;0.327;0.821;3.225;10;0.343;0.678;3.054;11;0.324;0.625;3.032;12;-0.180;0.441;3.114;13;-0.141;0.061;3.096;14;-0.128;-0.247;3.178;15;-0.132;-0.279;3.091;16;-0.006;0.456;3.092;17;0.007;0.075;3.078;18;0.033;-0.229;3.141;19;0.034;-0.260;3.051
Frame93;1.596;0;-0.090;0.517;3.127;1;-0.085;0.560;3.186;2;-0.058;0.872;3.229;3;-0.116;1.055;3.226;4;-0.227;0.728;3.200;5;-0.279;0.456;3.243;6;-0.392;0.278;3.080;7;-0.453;0.229;3.026;8;0.100;0.822;3.232;9;0.334;0.878;3.231;10;0.372;0.757;3.042;11;0.345;0.727;3.023;12;-0.188;0.449;3.114;13;-0.143;0.062;3.099;14;-0.128;-0.248;3.180;15;-0.132;-0.280;3.093;16;-0.013;0.453;3.093;17;-0.002;0.079;3.082;18;0.038;-0.229;3.141;19;0.042;-0.260;3.051
Frame94;1.613;0;-0.090;0.517;3.127;1;-0.085;0.560;3.186;2;-0.058;0.872;3.229;3;-0.116;1.055;3.226;4;-0.227;0.728;3.200;5;-0.279;0.456;3.243;6;-0.392;0.278;3.080;7;-0.453;0.229;3.026;8;0.100;0.822;3.232;9;0.334;0.878;3.231;10;0.372;0.757;3.042;11;0.345;0.727;3.023;12;-0.188;0.449;3.114;13;-0.143;0.062;3.099;14;-0.128;-0.248;3.180;15;-0.132;-0.280;3.093;16;-0.013;0.453;3.093;17;-0.002;0.079;3.082;18;0.038;-0.229;3.141;19;0.042;-0.260;3.051
Frame95;1.629;0;-0.092;0.520;3.129;1;-0.088;0.564;3.188;2;-0.060;0.875;3.228;3;-0.118;1.056;3.226;4;-0.230;0.730;3.197;5;-0.284;0.453;3.237;6;-0.366;0.246;3.112;7;-0.401;0.202;3.076;8;0.103;0.833;3.237;9;0.333;0.900;3.232;10;0.406;0.836;3.024;11;0.397;0.776;3.011;12;-0.168;0.449;3.129;13;-0.144;0.064;3.101;14;-0.129;-0.248;3.182;15;-0.131;-0.281;3.094;16;-0.016;0.451;3.096;17;-0.004;0.081;3.083;18;0.043;-0.230;3.143;19;0.049;-0.260;3.052
Frame96;1.646;0;-0.092;0.520;3.129;1;-0.088;0.564;3.188;2;-0.060;0.875;3.228;3;-0.118;1.056;3.226;4;-0.230;0.730;3.197;5;-0.284;0.453;3.237;6;-0.366;0.246;3.112;7;-0.401;0.202;3.076;8;0.103;0.833;3.237;9;0.333;0.900;3.232;10;0.406;0.836;3.024;11;0.397;0.776;3.011;12;-0.168;0.449;3.129;13;-0.144;0.064;3.101;14;-0.129;-0.248;3.182;15;-0.131;-0.281;3.094;16;-0.016;0.451;3.096;17;-0.004;0.081;3.083;18;0.043;-0.230;3.143;19;0.049;-0.260;3.052
Frame97;1.663;0;-0.089;0.522;3.134;1;-0.088;0.567;3.191;2;-0.061;0.879;3.228;3;-0.120;1.056;3.225;4;-0.233;0.731;3.192;5;-0.294;0.468;3.234;6;-0.343;0.259;3.134;7;-0.353;0.204;3.124;8;0.105;0.841;3.240;9;0.314;0.954;3.246;10;0.399;0.924;3.029;11;0.417;0.897;3.028;12;-0.157;0.449;3.135;13;-0.145;0.065;3.103;14;-0.130;-0.248;3.182;15;-0.131;-0.280;3.095;16;-0.009;0.445;3.107;17;0.000;0.089;3.085;18;0.042;-0.231;3.147;19;0.050;-0.262;3.056
Frame98;1.680;0;-0.089;0.522;3.134;1;-0.088;0.567;3.191;2;-0.061;0.879;3.228;3;-0.120;1.056;3.225;4;-0.233;0.731;3.192;5;-0.294;0.468;3.234;6;-0.343;0.259;3.134;7;-0.353;0.204;3.124;8;0.105;0.841;3.240;9;0.314;0.954;3.246;10;0.399;0.924;3.029;11;0.417;0.897;3.028;12;-0.157;0.449;3.135;13;-0.145;0.065;3.103;14;-0.130;-0.248;3.182;15;-0.131;-0.280;3.095;16;-0.009;0.445;3.107;17;0.000;0.089;3.085;18;0.042;-0.231;3.147;19;0.050;-0.262;3.056
Frame99;1.697;0;-0.088;0.525;3.138;1;-0.088;0.571;3.195;2;-0.062;0.884;3.227;3;-0.121;1.059;3.225;4;-0.235;0.735;3.187;5;-0.325;0.514;3.218;6;-0.329;0.293;3.161;7;-0.342;0.213;3.165;8;0.105;0.848;3.242;9;0.296;0.984;3.249;10;0.364;1.035;3.024;11;0.382;1.042;2.979;12;-0.155;0.451;3.140;13;-0.146;0.066;3.105;14;-0.132;-0.247;3.182;15;-0.131;-0.280;3.095;16;-0.010;0.447;3.113;17;0.004;0.095;3.086;18;0.045;-0.231;3.149;19;0.054;-0.262;3.059
Frame100;1.714;0;-0.088;0.525;3.138;1;-0.088;0.571;3.195;2;-0.062;0.884;3.227;3;-0.121;1.059;3.225;4;-0.235;0.735;3.187;5;-0.325;0.514;3.218;6;-0.329;0.293;3.161;7;-0.342;0.213;3.165;8;0.105;0.848;3.242;9;0.296;0.984;3.249;10;0.364;1.035;3.024;11;0.382;1.042;2.979;12;-0.155;0.451;3.140;13;-0.146;0.066;3.105;14;-0.132;-0.247;3.182;15;-0.131;-0.280;3.095;16;-0.010;0.447;3.113;17;0.004;0.095;3.086;18;0.045;-0.231;3.149;19;0.054;-0.262;3.059
Frame101;1.731;0;-0.084;0.535;3.141;1;-0.084;0.582;3.198;2;-0.059;0.894;3.226;3;-0.114;1.073;3.223;4;-0.229;0.772;3.192;5;-0.346;0.592;3.226;6;-0.328;0.365;3.184;7;-0.346;0.289;3.181;8;0.106;0.854;3.243;9;0.288;0.999;3.261;10;0.331;1.105;3.060;11;0.352;1.099;3.057;12;-0.153;0.463;3.139;13;-0.146;0.084;3.109;14;-0.133;-0.247;3.182;15;-0.131;-0.280;3.095;16;-0.008;0.456;3.115;17;0.008;0.101;3.087;18;0.049;-0.230;3.151;19;0.058;-0.262;3.062
Frame102;1.747;0;-0.084;0.535;3.141;1;-0.084;0.582;3.198;2;-0.059;0.894;3.226;3;-0.114;1.073;3.223;4;-0.229;0.772;3.192;5;-0.346;0.592;3.226;6;-0.328;0.365;3.184;7;-0.346;0.289;3.181;8;0.106;0.854;3.243;9;0.288;0.999;3.261;10;0.331;1.105;3.060;11;0.352;1.099;3.057;12;-0.153;0.463;3.139;13;-0.146;0.084;3.109;14;-0.133;-0.247;3.182;15;-0.131;-0.280;3.095;16;-0.008;0.456;3.115;17;0.008;0.101;3.087;18;0.049;-0.230;3.151;19;0.058;-0.262;3.062
Frame103;1.764;0;-0.080;0.547;3.144;1;-0.080;0.595;3.201;2;-0.052;0.908;3.226;3;-0.102;1.090;3.223;4;-0.226;0.789;3.195;5;-0.367;0.651;3.231;6;-0.350;0.429;3.203;7;-0.333;0.351;3.198;8;0.121;0.879;3.256;9;0.291;1.013;3.269;10;0.303;1.171;3.091;11;0.319;1.177;3.085;12;-0.152;0.473;3.138;13;-0.146;0.090;3.113;14;-0.135;-0.246;3.182;15;-0.131;-0.280;3.095;16;-0.008;0.467;3.120;17;0.012;0.105;3.089;18;0.052;-0.231;3.156;19;0.062;-0.263;3.067
Frame104;1.781;0;-0.080;0.547;3.144;1;-0.080;0.595;3.201;2;-0.052;0.908;3.226;3;-0.102;1.090;3.223;4;-0.226;0.789;3.195;5;-0.367;0.651;3.231;6;-0.350;0.429;3.203;7;-0.333;0.351;3.198;8;0.121;0.879;3.256;9;0.291;1.013;3.269;10;0.303;1.171;3.091;11;0.319;1.177;3.085;12;-0.152;0.473;3.138;13;-0.146;0.090;3.113;14;-0.135;-0.246;3.182;15;-0.131;-0.280;3.095;16;-0.008;0.467;3.120;17;0.012;0.105;3.089;18;0.052;-0.231;3.156;19;0.062;-0.263;3.067
Frame105;1.798;0;-0.065;0.559;3.145;1;-0.067;0.607;3.203;2;-0.042;0.922;3.227;3;-0.088;1.107;3.224;4;-0.223;0.803;3.196;5;-0.388;0.683;3.235;6;-0.379;0.469;3.213;7;-0.360;0.382;3.223;8;0.125;0.886;3.259;9;0.294;1.018;3.274;10;0.284;1.199;3.131;11;0.280;1.224;3.119;12;-0.144;0.482;3.135;13;-0.145;0.094;3.116;14;-0.136;-0.246;3.183;15;-0.131;-0.279;3.096;16;0.014;0.482;3.120;17;0.017;0.110;3.093;18;0.055;-0.232;3.159;19;0.066;-0.264;3.071
Frame106;1.815;0;-0.065;0.559;3.145;1;-0.067;0.607;3.203;2;-0.042;0.922;3.227;3;-0.088;1.107;3.224;4;-0.223;0.803;3.196;5;-0.388;0.683;3.235;6;-0.379;0.469;3.213;7;-0.360;0.382;3.223;8;0.125;0.886;3.259;9;0.294;1.018;3.274;10;0.284;1.199;3.131;11;0.280;1.224;3.119;12;-0.144;0.482;3.135;13;-0.145;0.094;3.116;14;-0.136;-0.246;3.183;15;-0.131;-0.279;3.096;16;0.014;0.482;3.120;17;0.017;0.110;3.093;18;0.055;-0.232;3.159;19;0.066;-0.264;3.071
Frame107;1.831;0;-0.022;0.570;3.159;1;-0.030;0.622;3.214;2;-0.034;0.935;3.228;3;-0.080;1.117;3.226;4;-0.220;0.813;3.197;5;-0.415;0.748;3.238;6;-0.419;0.539;3.207;7;-0.388;0.453;3.226;8;0.129;0.890;3.252;9;0.301;1.011;3.276;10;0.265;1.208;3.169;11;0.241;1.249;3.148;12;-0.102;0.481;3.143;13;-0.145;0.098;3.119;14;-0.137;-0.245;3.184;15;-0.132;-0.279;3.096;16;0.062;0.507;3.139;17;0.020;0.113;3.099;18;0.057;-0.234;3.167;19;0.067;-0.266;3.079
Frame108;1.849;0;-0.022;0.570;3.159;1;-0.030;0.622;3.214;2;-0.034;0.935;3.228;3;-0.080;1.117;3.226;4;-0.220;0.813;3.197;5;-0.415;0.748;3.238;6;-0.419;0.539;3.207;7;-0.388;0.453;3.226;8;0.129;0.890;3.252;9;0.301;1.011;3.276;10;0.265;1.208;3.169;11;0.241;1.249;3.148;12;-0.102;0.481;3.143;13;-0.145;0.098;3.119;14;-0.137;-0.245;3.184;15;-0.132;-0.279;3.096;16;0.062;0.507;3.139;17;0.020;0.113;3.099;18;0.057;-0.234;3.167;19;0.067;-0.266;3.079
Frame109;1.865;0;-0.015;0.576;3.160;1;-0.022;0.628;3.215;2;-0.028;0.943;3.229;3;-0.070;1.127;3.228;4;-0.215;0.824;3.192;5;-0.439;0.813;3.239;6;-0.468;0.609;3.195;7;-0.459;0.532;3.199;8;0.133;0.891;3.248;9;0.342;0.998;3.276;10;0.235;1.192;3.225;11;0.201;1.247;3.211;12;-0.100;0.491;3.135;13;-0.144;0.102;3.120;14;-0.139;-0.245;3.184;15;-0.132;-0.278;3.097;16;0.066;0.514;3.142;17;0.026;0.113;3.111;18;0.058;-0.237;3.174;19;0.067;-0.269;3.087
Frame110;1.882;0;-0.015;0.576;3.160;1;-0.022;0.628;3.215;2;-0.028;0.943;3.229;3;-0.070;1.127;3.228;4;-0.215;0.824;3.192;5;-0.439;0.813;3.239;6;-0.468;0.609;3.195;7;-0.459;0.532;3.199;8;0.133;0.891;3.248;9;0.342;0.998;3.276;10;0.235;1.192;3.225;11;0.201;1.247;3.211;12;-0.100;0.491;3.135;13;-0.144;0.102;3.120;14;-0.139;-0.245;3.184;15;-0.132;-0.278;3.097;16;0.066;0.514;3.142;17;0.026;0.113;3.111;18;0.058;-0.237;3.174;19;0.067;-0.269;3.087
Frame111;1.899;0;-0.012;0.580;3.160;1;-0.017;0.632;3.217;2;-0.025;0.948;3.229;3;-0.062;1.135;3.229;4;-0.211;0.853;3.195;5;-0.460;0.863;3.232;6;-0.490;0.645;3.193;7;-0.495;0.583;3.189;8;0.133;0.858;3.215;9;0.360;0.982;3.274;10;0.225;1.174;3.253;11;0.215;1.177;3.249;12;-0.096;0.497;3.133;13;-0.143;0.104;3.121;14;-0.140;-0.244;3.184;15;-0.134;-0.277;3.096;16;0.063;0.516;3.144;17;0.033;0.108;3.127;18;0.058;-0.239;3.179;19;0.066;-0.272;3.093
Frame112;1.915;0;-0.012;0.580;3.160;1;-0.017;0.632;3.217;2;-0.025;0.948;3.229;3;-0.062;1.135;3.229;4;-0.211;0.853;3.195;5;-0.460;0.863;3.232;6;-0.490;0.645;3.193;7;-0.495;0.583;3.189;8;0.133;0.858;3.215;9;0.360;0.982;3.274;10;0.225;1.174;3.253;11;0.215;1.177;3.249;12;-0.096;0.497;3.133;13;-0.143;0.104;3.121;14;-0.140;-0.244;3.184;15;-0.134;-0.277;3.096;16;0.063;0.516;3.144;17;0.033;0.108;3.127;18;0.058;-0.239;3.179;19;0.066;-0.272;3.093
Frame113;1.932;0;-0.027;0.585;3.158;1;-0.022;0.635;3.216;2;-0.023;0.951;3.229;3;-0.028;1.144;3.245;4;-0.214;0.874;3.202;5;-0.471;0.899;3.236;6;-0.555;0.712;3.179;7;-0.585;0.657;3.162;8;0.132;0.839;3.201;9;0.367;0.958;3.272;10;0.216;1.142;3.290;11;0.178;1.188;3.297;12;-0.118;0.511;3.128;13;-0.139;0.108;3.118;14;-0.141;-0.242;3.181;15;-0.137;-0.275;3.092;16;0.031;0.509;3.147;17;0.038;0.106;3.139;18;0.058;-0.241;3.186;19;0.063;-0.274;3.100
Frame114;1.949;0;-0.027;0.585;3.158;1;-0.022;0.635;3.216;2;-0.023;0.951;3.229;3;-0.028;1.144;3.245;4;-0.214;0.874;3.202;5;-0.471;0.899;3.236;6;-0.555;0.712;3.179;7;-0.585;0.657;3.162;8;0.132;0.839;3.201;9;0.367;0.958;3.272;10;0.216;1.142;3.290;11;0.178;1.188;3.297;12;-0.118;0.511;3.128;13;-0.139;0.108;3.118;14;-0.141;-0.242;3.181;15;-0.137;-0.275;3.092;16;0.031;0.509;3.147;17;0.038;0.106;3.139;18;0.058;-0.241;3.186;19;0.063;-0.274;3.100
Frame115;1.966;0;-0.022;0.589;3.156;1;-0.020;0.637;3.216;2;-0.022;0.953;3.230;3;-0.014;1.145;3.250;4;-0.214;0.882;3.204;5;-0.475;0.924;3.239;6;-0.618;0.785;3.165;7;-0.654;0.734;3.143;8;0.146;0.819;3.208;9;0.372;0.850;3.264;10;0.275;1.036;3.282;11;0.243;1.089;3.301;12;-0.103;0.516;3.124;13;-0.134;0.113;3.108;14;-0.141;-0.236;3.170;15;-0.135;-0.268;3.082;16;0.045;0.513;3.141;17;0.041;0.106;3.146;18;0.058;-0.243;3.190;19;0.063;-0.276;3.104
Frame116;1.983;0;-0.022;0.589;3.156;1;-0.020;0.637;3.216;2;-0.022;0.953;3.230;3;-0.014;1.145;3.250;4;-0.214;0.882;3.204;5;-0.475;0.924;3.239;6;-0.618;0.785;3.165;7;-0.654;0.734;3.143;8;0.146;0.819;3.208;9;0.372;0.850;3.264;10;0.275;1.036;3.282;11;0.243;1.089;3.301;12;-0.103;0.516;3.124;13;-0.134;0.113;3.108;14;-0.141;-0.236;3.170;15;-0.135;-0.268;3.082;16;0.045;0.513;3.141;17;0.041;0.106;3.146;18;0.058;-0.243;3.190;19;0.063;-0.276;3.104
Frame117;2.000;0;-0.031;0.570;3.158;1;-0.023;0.628;3.216;2;-0.021;0.952;3.230;3;-0.003;1.138;3.252;4;-0.212;0.886;3.204;5;-0.468;0.950;3.249;6;-0.652;0.870;3.147;7;-0.644;0.841;3.152;8;0.127;0.789;3.178;9;0.340;0.751;3.246;10;0.304;0.965;3.292;11;0.284;1.020;3.333;12;-0.100;0.515;3.125;13;-0.129;0.117;3.090;14;-0.141;-0.227;3.152;15;-0.140;-0.259;3.064;16;0.031;0.485;3.146;17;0.044;0.105;3.151;18;0.058;-0.244;3.193;19;0.061;-0.277;3.108
Frame118;2.017;0;-0.028;0.550;3.158;1;-0.021;0.608;3.215;2;-0.021;0.938;3.230;3;0.002;1.121;3.251;4;-0.205;0.874;3.206;5;-0.462;0.963;3.255;6;-0.664;0.978;3.135;7;-0.709;0.985;3.114;8;0.116;0.780;3.170;9;0.306;0.647;3.236;10;0.377;0.851;3.264;11;0.363;0.924;3.303;12;-0.081;0.485;3.123;13;-0.125;0.117;3.073;14;-0.140;-0.221;3.139;15;-0.142;-0.253;3.051;16;0.031;0.470;3.153;17;0.050;0.098;3.156;18;0.058;-0.245;3.195;19;0.059;-0.278;3.110
Frame119;2.034;0;-0.028;0.550;3.158;1;-0.021;0.608;3.215;2;-0.021;0.938;3.230;3;0.002;1.121;3.251;4;-0.205;0.874;3.206;5;-0.462;0.963;3.255;6;-0.664;0.978;3.135;7;-0.709;0.985;3.114;8;0.116;0.780;3.170;9;0.306;0.647;3.236;10;0.377;0.851;3.264;11;0.363;0.924;3.303;12;-0.081;0.485;3.123;13;-0.125;0.117;3.073;14;-0.140;-0.221;3.139;15;-0.142;-0.253;3.051;16;0.031;0.470;3.153;17;0.050;0.098;3.156;18;0.058;-0.245;3.195;19;0.059;-0.278;3.110
Frame120;2.051;0;-0.027;0.537;3.157;1;-0.021;0.592;3.213;2;-0.020;0.919;3.233;3;0.005;1.105;3.249;4;-0.192;0.846;3.208;5;-0.455;0.969;3.259;6;-0.642;1.018;3.135;7;-0.671;1.016;3.135;8;0.114;0.754;3.166;9;0.266;0.581;3.237;10;0.434;0.740;3.237;11;0.444;0.810;3.272;12;-0.084;0.469;3.110;13;-0.121;0.108;3.052;14;-0.138;-0.217;3.128;15;-0.141;-0.249;3.040;16;0.034;0.454;3.156;17;0.055;0.093;3.157;18;0.058;-0.245;3.196;19;0.059;-0.278;3.110
Frame121;2.068;0;-0.027;0.537;3.157;1;-0.021;0.592;3.213;2;-0.020;0.919;3.233;3;0.005;1.105;3.249;4;-0.192;0.846;3.208;5;-0.455;0.969;3.259;6;-0.642;1.018;3.135;7;-0.671;1.016;3.135;8;0.114;0.754;3.166;9;0.266;0.581;3.237;10;0.434;0.740;3.237;11;0.444;0.810;3.272;12;-0.084;0.469;3.110;13;-0.121;0.108;3.052;14;-0.138;-0.217;3.128;15;-0.141;-0.249;3.040;16;0.034;0.454;3.156;17;0.055;0.093;3.157;18;0.058;-0.245;3.196;19;0.059;-0.278;3.110
Frame122;2.085;0;-0.026;0.529;3.156;1;-0.023;0.582;3.212;2;-0.020;0.905;3.235;3;0.004;1.087;3.246;4;-0.183;0.821;3.207;5;-0.444;0.965;3.260;6;-0.614;1.081;3.146;7;-0.645;1.096;3.138;8;0.116;0.751;3.200;9;0.244;0.539;3.234;10;0.474;0.620;3.195;11;0.520;0.675;3.209;12;-0.085;0.456;3.099;13;-0.119;0.102;3.040;14;-0.136;-0.214;3.121;15;-0.136;-0.246;3.032;16;0.039;0.430;3.176;17;0.060;0.088;3.155;18;0.060;-0.244;3.194;19;0.063;-0.277;3.107
Frame123;2.102;0;-0.026;0.529;3.156;1;-0.023;0.582;3.212;2;-0.020;0.905;3.235;3;0.004;1.087;3.246;4;-0.183;0.821;3.207;5;-0.444;0.965;3.260;6;-0.614;1.081;3.146;7;-0.645;1.096;3.138;8;0.116;0.751;3.200;9;0.244;0.539;3.234;10;0.474;0.620;3.195;11;0.520;0.675;3.209;12;-0.085;0.456;3.099;13;-0.119;0.102;3.040;14;-0.136;-0.214;3.121;15;-0.136;-0.246;3.032;16;0.039;0.430;3.176;17;0.060;0.088;3.155;18;0.060;-0.244;3.194;19;0.063;-0.277;3.107
Frame124;2.119;0;-0.027;0.524;3.154;1;-0.025;0.575;3.210;2;-0.020;0.893;3.237;3;0.002;1.075;3.244;4;-0.179;0.809;3.207;5;-0.428;0.936;3.264;6;-0.559;1.109;3.171;7;-0.613;1.177;3.149;8;0.117;0.750;3.219;9;0.162;0.517;3.213;10;0.396;0.495;3.184;11;0.480;0.516;3.158;12;-0.091;0.455;3.094;13;-0.117;0.097;3.033;14;-0.135;-0.213;3.117;15;-0.132;-0.245;3.028;16;0.034;0.432;3.152;17;0.063;0.083;3.139;18;0.063;-0.242;3.188;19;0.068;-0.274;3.100
Frame125;2.136;0;-0.027;0.524;3.154;1;-0.025;0.575;3.210;2;-0.020;0.893;3.237;3;0.002;1.075;3.244;4;-0.179;0.809;3.207;5;-0.428;0.936;3.264;6;-0.559;1.109;3.171;7;-0.613;1.177;3.149;8;0.117;0.750;3.219;9;0.162;0.517;3.213;10;0.396;0.495;3.184;11;0.480;0.516;3.158;12;-0.091;0.455;3.094;13;-0.117;0.097;3.033;14;-0.135;-0.213;3.117;15;-0.132;-0.245;3.028;16;0.034;0.432;3.152;17;0.063;0.083;3.139;18;0.063;-0.242;3.188;19;0.068;-0.274;3.100
Frame126;2.153;0;-0.032;0.517;3.148;1;-0.034;0.562;3.204;2;-0.025;0.864;3.245;3;-0.001;1.061;3.244;4;-0.180;0.792;3.212;5;-0.425;0.891;3.266;6;-0.502;1.123;3.190;7;-0.529;1.205;3.171;8;0.121;0.743;3.228;9;0.166;0.481;3.221;10;0.402;0.373;3.179;11;0.492;0.344;3.125;12;-0.104;0.451;3.097;13;-0.116;0.094;3.029;14;-0.131;-0.211;3.110;15;-0.125;-0.243;3.021;16;0.025;0.422;3.115;17;0.071;0.073;3.117;18;0.067;-0.238;3.176;19;0.074;-0.270;3.088
Frame127;2.169;0;-0.032;0.517;3.148;1;-0.034;0.562;3.204;2;-0.025;0.864;3.245;3;-0.001;1.061;3.244;4;-0.180;0.792;3.212;5;-0.425;0.891;3.266;6;-0.502;1.123;3.190;7;-0.529;1.205;3.171;8;0.121;0.743;3.228;9;0.166;0.481;3.221;10;0.402;0.373;3.179;11;0.492;0.344;3.125;12;-0.104;0.451;3.097;13;-0.116;0.094;3.029;14;-0.131;-0.211;3.110;15;-0.125;-0.243;3.021;16;0.025;0.422;3.115;17;0.071;0.073;3.117;18;0.067;-0.238;3.176;19;0.074;-0.270;3.088
Frame128;2.186;0;-0.031;0.510;3.144;1;-0.035;0.553;3.201;2;-0.027;0.851;3.246;3;-0.003;1.049;3.243;4;-0.182;0.781;3.215;5;-0.423;0.849;3.264;6;-0.436;1.111;3.218;7;-0.429;1.187;3.217;8;0.121;0.739;3.233;9;0.173;0.469;3.229;10;0.338;0.286;3.173;11;0.409;0.209;3.132;12;-0.100;0.445;3.091;13;-0.115;0.090;3.029;14;-0.127;-0.209;3.106;15;-0.121;-0.241;3.017;16;0.041;0.409;3.124;17;0.057;0.073;3.092;18;0.057;-0.237;3.158;19;0.065;-0.268;3.070
Frame129;2.203;0;-0.031;0.510;3.144;1;-0.035;0.553;3.201;2;-0.027;0.851;3.246;3;-0.003;1.049;3.243;4;-0.182;0.781;3.215;5;-0.423;0.849;3.264;6;-0.436;1.111;3.218;7;-0.429;1.187;3.217;8;0.121;0.739;3.233;9;0.173;0.469;3.229;10;0.338;0.286;3.173;11;0.409;0.209;3.132;12;-0.100;0.445;3.091;13;-0.115;0.090;3.029;14;-0.127;-0.209;3.106;15;-0.121;-0.241;3.017;16;0.041;0.409;3.124;17;0.057;0.073;3.092;18;0.057;-0.237;3.158;19;0.065;-0.268;3.070
Frame130;2.220;0;-0.057;0.486;3.137;1;-0.055;0.532;3.196;2;-0.028;0.842;3.246;3;-0.007;1.040;3.242;4;-0.184;0.737;3.201;5;-0.423;0.823;3.259;6;-0.387;1.075;3.237;7;-0.371;1.164;3.239;8;0.120;0.731;3.233;9;0.173;0.452;3.227;10;0.246;0.246;3.135;11;0.314;0.192;3.122;12;-0.137;0.434;3.096;13;-0.113;0.084;3.033;14;-0.122;-0.209;3.104;15;-0.115;-0.241;3.015;16;0.020;0.393;3.123;17;0.052;0.068;3.080;18;0.048;-0.234;3.143;19;0.056;-0.265;3.056
Frame131;2.238;0;-0.057;0.486;3.137;1;-0.055;0.532;3.196;2;-0.028;0.842;3.246;3;-0.007;1.040;3.242;4;-0.184;0.737;3.201;5;-0.423;0.823;3.259;6;-0.387;1.075;3.237;7;-0.371;1.164;3.239;8;0.120;0.731;3.233;9;0.173;0.452;3.227;10;0.246;0.246;3.135;11;0.314;0.192;3.122;12;-0.137;0.434;3.096;13;-0.113;0.084;3.033;14;-0.122;-0.209;3.104;15;-0.115;-0.241;3.015;16;0.020;0.393;3.123;17;0.052;0.068;3.080;18;0.048;-0.234;3.143;19;0.056;-0.265;3.056
Frame132;2.255;0;-0.026;0.464;3.132;1;-0.027;0.511;3.192;2;-0.030;0.837;3.246;3;-0.010;1.034;3.240;4;-0.187;0.723;3.199;5;-0.417;0.786;3.240;6;-0.359;1.041;3.242;7;-0.335;1.122;3.245;8;0.104;0.708;3.194;9;0.177;0.445;3.229;10;0.228;0.234;3.150;11;0.262;0.171;3.146;12;-0.092;0.412;3.097;13;-0.113;0.078;3.039;14;-0.118;-0.210;3.104;15;-0.113;-0.241;3.015;16;0.050;0.384;3.125;17;0.050;0.063;3.073;18;0.040;-0.231;3.134;19;0.061;-0.286;3.120
Frame133;2.272;0;-0.026;0.464;3.132;1;-0.027;0.511;3.192;2;-0.030;0.837;3.246;3;-0.010;1.034;3.240;4;-0.187;0.723;3.199;5;-0.417;0.786;3.240;6;-0.359;1.041;3.242;7;-0.335;1.122;3.245;8;0.104;0.708;3.194;9;0.177;0.445;3.229;10;0.228;0.234;3.150;11;0.262;0.171;3.146;12;-0.092;0.412;3.097;13;-0.113;0.078;3.039;14;-0.118;-0.210;3.104;15;-0.113;-0.241;3.015;16;0.050;0.384;3.125;17;0.050;0.063;3.073;18;0.040;-0.231;3.134;19;0.061;-0.286;3.120
Frame134;2.289;0;-0.055;0.450;3.135;1;-0.047;0.495;3.193;2;-0.039;0.799;3.231;3;-0.019;1.017;3.237;4;-0.194;0.720;3.206;5;-0.413;0.745;3.224;6;-0.346;0.985;3.230;7;-0.322;1.054;3.232;8;0.101;0.704;3.188;9;0.182;0.445;3.230;10;0.186;0.236;3.130;11;0.205;0.174;3.112;12;-0.124;0.396;3.114;13;-0.114;0.074;3.046;14;-0.114;-0.211;3.104;15;-0.111;-0.242;3.016;16;0.009;0.378;3.122;17;0.048;0.061;3.068;18;0.034;-0.231;3.129;19;0.034;-0.275;3.081
Frame135;2.305;0;-0.055;0.450;3.135;1;-0.047;0.495;3.193;2;-0.039;0.799;3.231;3;-0.019;1.017;3.237;4;-0.194;0.720;3.206;5;-0.413;0.745;3.224;6;-0.346;0.985;3.230;7;-0.322;1.054;3.232;8;0.101;0.704;3.188;9;0.182;0.445;3.230;10;0.186;0.236;3.130;11;0.205;0.174;3.112;12;-0.124;0.396;3.114;13;-0.114;0.074;3.046;14;-0.114;-0.211;3.104;15;-0.111;-0.242;3.016;16;0.009;0.378;3.122;17;0.048;0.061;3.068;18;0.034;-0.231;3.129;19;0.034;-0.275;3.081
Frame136;2.322;0;-0.039;0.450;3.136;1;-0.035;0.496;3.194;2;-0.040;0.803;3.228;3;-0.025;1.015;3.235;4;-0.198;0.719;3.210;5;-0.401;0.676;3.225;6;-0.376;0.887;3.174;7;-0.351;0.955;3.170;8;0.100;0.703;3.184;9;0.186;0.447;3.230;10;0.175;0.239;3.137;11;0.172;0.141;3.116;12;-0.107;0.394;3.117;13;-0.116;0.071;3.052;14;-0.111;-0.212;3.106;15;-0.111;-0.243;3.018;16;0.034;0.385;3.124;17;0.046;0.060;3.065;18;0.031;-0.230;3.125;19;0.025;-0.269;3.062
Frame137;2.339;0;-0.039;0.450;3.136;1;-0.035;0.496;3.194;2;-0.040;0.803;3.228;3;-0.025;1.015;3.235;4;-0.198;0.719;3.210;5;-0.401;0.676;3.225;6;-0.376;0.887;3.174;7;-0.351;0.955;3.170;8;0.100;0.703;3.184;9;0.186;0.447;3.230;10;0.175;0.239;3.137;11;0.172;0.141;3.116;12;-0.107;0.394;3.117;13;-0.116;0.071;3.052;14;-0.111;-0.212;3.106;15;-0.111;-0.243;3.018;16;0.034;0.385;3.124;17;0.046;0.060;3.065;18;0.031;-0.230;3.125;19;0.025;-0.269;3.062
Frame138;2.356;0;-0.040;0.451;3.136;1;-0.035;0.495;3.194;2;-0.043;0.794;3.218;3;-0.041;1.011;3.232;4;-0.201;0.721;3.214;5;-0.386;0.622;3.230;6;-0.383;0.819;3.150;7;-0.370;0.878;3.135;8;0.097;0.705;3.183;9;0.189;0.451;3.230;10;0.166;0.248;3.137;11;0.173;0.179;3.124;12;-0.105;0.395;3.122;13;-0.119;0.069;3.057;14;-0.109;-0.218;3.115;15;-0.112;-0.250;3.029;16;0.021;0.390;3.122;17;0.042;0.060;3.065;18;0.030;-0.229;3.123;19;0.023;-0.266;3.053
Frame139;2.373;0;-0.040;0.451;3.136;1;-0.035;0.495;3.194;2;-0.043;0.794;3.218;3;-0.041;1.011;3.232;4;-0.201;0.721;3.214;5;-0.386;0.622;3.230;6;-0.383;0.819;3.150;7;-0.370;0.878;3.135;8;0.097;0.705;3.183;9;0.189;0.451;3.230;10;0.166;0.248;3.137;11;0.173;0.179;3.124;12;-0.105;0.395;3.122;13;-0.119;0.069;3.057;14;-0.109;-0.218;3.115;15;-0.112;-0.250;3.029;16;0.021;0.390;3.122;17;0.042;0.060;3.065;18;0.030;-0.229;3.123;19;0.023;-0.266;3.053
Frame140;2.389;0;-0.041;0.452;3.136;1;-0.036;0.497;3.194;2;-0.044;0.822;3.217;3;-0.060;1.022;3.228;4;-0.202;0.719;3.214;5;-0.374;0.590;3.227;6;-0.409;0.759;3.115;7;-0.404;0.784;3.110;8;0.094;0.712;3.182;9;0.207;0.505;3.237;10;0.192;0.316;3.139;11;0.195;0.243;3.153;12;-0.104;0.394;3.125;13;-0.121;0.067;3.063;14;-0.109;-0.224;3.127;15;-0.114;-0.256;3.041;16;0.017;0.397;3.116;17;0.037;0.061;3.066;18;0.029;-0.229;3.123;19;0.020;-0.264;3.049
Frame141;2.406;0;-0.041;0.452;3.136;1;-0.036;0.497;3.194;2;-0.044;0.822;3.217;3;-0.060;1.022;3.228;4;-0.202;0.719;3.214;5;-0.374;0.590;3.227;6;-0.409;0.759;3.115;7;-0.404;0.784;3.110;8;0.094;0.712;3.182;9;0.207;0.505;3.237;10;0.192;0.316;3.139;11;0.195;0.243;3.153;12;-0.104;0.394;3.125;13;-0.121;0.067;3.063;14;-0.109;-0.224;3.127;15;-0.114;-0.256;3.041;16;0.017;0.397;3.116;17;0.037;0.061;3.066;18;0.029;-0.229;3.123;19;0.020;-0.264;3.049
Frame142;2.423;0;-0.044;0.452;3.134;1;-0.038;0.499;3.192;2;-0.046;0.840;3.216;3;-0.073;1.029;3.225;4;-0.209;0.716;3.211;5;-0.339;0.542;3.256;6;-0.450;0.631;3.084;7;-0.466;0.667;3.082;8;0.077;0.732;3.178;9;0.224;0.560;3.233;10;0.224;0.376;3.125;11;0.211;0.313;3.138;12;-0.107;0.392;3.124;13;-0.124;0.065;3.068;14;-0.110;-0.230;3.138;15;-0.117;-0.262;3.053;16;0.012;0.398;3.110;17;0.030;0.062;3.069;18;0.027;-0.230;3.125;19;0.047;-0.287;3.121
Frame143;2.440;0;-0.044;0.452;3.134;1;-0.038;0.499;3.192;2;-0.046;0.840;3.216;3;-0.073;1.029;3.225;4;-0.209;0.716;3.211;5;-0.339;0.542;3.256;6;-0.450;0.631;3.084;7;-0.466;0.667;3.082;8;0.077;0.732;3.178;9;0.224;0.560;3.233;10;0.224;0.376;3.125;11;0.211;0.313;3.138;12;-0.107;0.392;3.124;13;-0.124;0.065;3.068;14;-0.110;-0.230;3.138;15;-0.117;-0.262;3.053;16;0.012;0.398;3.110;17;0.030;0.062;3.069;18;0.027;-0.230;3.125;19;0.047;-0.287;3.121
Frame144;2.457;0;-0.046;0.481;3.119;1;-0.041;0.521;3.181;2;-0.048;0.850;3.217;3;-0.083;1.035;3.223;4;-0.216;0.715;3.210;5;-0.306;0.492;3.268;6;-0.473;0.499;3.076;7;-0.516;0.503;3.050;8;0.071;0.741;3.178;9;0.249;0.622;3.241;10;0.270;0.456;3.108;11;0.252;0.395;3.122;12;-0.114;0.420;3.099;13;-0.127;0.064;3.075;14;-0.111;-0.234;3.147;15;-0.120;-0.266;3.062;16;0.017;0.410;3.100;17;0.024;0.065;3.072;18;0.024;-0.231;3.129;19;0.059;-0.297;3.155
Frame145;2.474;0;-0.046;0.481;3.119;1;-0.041;0.521;3.181;2;-0.048;0.850;3.217;3;-0.083;1.035;3.223;4;-0.216;0.715;3.210;5;-0.306;0.492;3.268;6;-0.473;0.499;3.076;7;-0.516;0.503;3.050;8;0.071;0.741;3.178;9;0.249;0.622;3.241;10;0.270;0.456;3.108;11;0.252;0.395;3.122;12;-0.114;0.420;3.099;13;-0.127;0.064;3.075;14;-0.111;-0.234;3.147;15;-0.120;-0.266;3.062;16;0.017;0.410;3.100;17;0.024;0.065;3.072;18;0.024;-0.231;3.129;19;0.059;-0.297;3.155
Frame146;2.491;0;-0.047;0.492;3.113;1;-0.043;0.532;3.176;2;-0.051;0.859;3.217;3;-0.096;1.042;3.221;4;-0.220;0.714;3.208;5;-0.297;0.483;3.271;6;-0.449;0.385;3.091;7;-0.518;0.371;3.041;8;0.069;0.758;3.184;9;0.269;0.682;3.238;10;0.316;0.531;3.086;11;0.301;0.488;3.090;12;-0.122;0.433;3.080;13;-0.130;0.064;3.081;14;-0.112;-0.237;3.153;15;-0.122;-0.269;3.068;16;0.020;0.416;3.097;17;0.019;0.071;3.076;18;0.022;-0.232;3.133;19;0.066;-0.303;3.172
Frame147;2.508;0;-0.047;0.492;3.113;1;-0.043;0.532;3.176;2;-0.051;0.859;3.217;3;-0.096;1.042;3.221;4;-0.220;0.714;3.208;5;-0.297;0.483;3.271;6;-0.449;0.385;3.091;7;-0.518;0.371;3.041;8;0.069;0.758;3.184;9;0.269;0.682;3.238;10;0.316;0.531;3.086;11;0.301;0.488;3.090;12;-0.122;0.433;3.080;13;-0.130;0.064;3.081;14;-0.112;-0.237;3.153;15;-0.122;-0.269;3.068;16;0.020;0.416;3.097;17;0.019;0.071;3.076;18;0.022;-0.232;3.133;19;0.066;-0.303;3.172
Frame148;2.525;0;-0.050;0.499;3.110;1;-0.049;0.541;3.173;2;-0.053;0.865;3.218;3;-0.104;1.047;3.220;4;-0.224;0.714;3.204;5;-0.293;0.480;3.270;6;-0.417;0.339;3.110;7;-0.487;0.314;3.057;8;0.078;0.784;3.206;9;0.288;0.723;3.236;10;0.362;0.629;3.045;11;0.366;0.594;3.016;12;-0.141;0.437;3.059;13;-0.133;0.063;3.087;14;-0.114;-0.239;3.159;15;-0.122;-0.271;3.074;16;0.021;0.422;3.102;17;0.017;0.075;3.079;18;0.036;-0.232;3.138;19;0.063;-0.275;3.093
Frame149;2.542;0;-0.050;0.499;3.110;1;-0.049;0.541;3.173;2;-0.053;0.865;3.218;3;-0.104;1.047;3.220;4;-0.224;0.714;3.204;5;-0.293;0.480;3.270;6;-0.417;0.339;3.110;7;-0.487;0.314;3.057;8;0.078;0.784;3.206;9;0.288;0.723;3.236;10;0.362;0.629;3.045;11;0.366;0.594;3.016;12;-0.141;0.437;3.059;13;-0.133;0.063;3.087;14;-0.114;-0.239;3.159;15;-0.122;-0.271;3.074;16;0.021;0.422;3.102;17;0.017;0.075;3.079;18;0.036;-0.232;3.138;19;0.063;-0.275;3.093
Frame150;2.559;0;-0.079;0.529;3.120;1;-0.075;0.571;3.182;2;-0.055;0.870;3.219;3;-0.110;1.051;3.219;4;-0.232;0.724;3.203;5;-0.290;0.497;3.255;6;-0.380;0.303;3.138;7;-0.428;0.256;3.089;8;0.082;0.797;3.214;9;0.306;0.776;3.230;10;0.393;0.693;3.029;11;0.392;0.658;3.018;12;-0.180;0.456;3.054;13;-0.135;0.064;3.092;14;-0.116;-0.241;3.164;15;-0.123;-0.272;3.078;16;0.002;0.448;3.128;17;0.006;0.082;3.083;18;0.038;-0.232;3.142;19;0.050;-0.269;3.079
Frame151;2.576;0;-0.079;0.529;3.120;1;-0.075;0.571;3.182;2;-0.055;0.870;3.219;3;-0.110;1.051;3.219;4;-0.232;0.724;3.203;5;-0.290;0.497;3.255;6;-0.380;0.303;3.138;7;-0.428;0.256;3.089;8;0.082;0.797;3.214;9;0.306;0.776;3.230;10;0.393;0.693;3.029;11;0.392;0.658;3.018;12;-0.180;0.456;3.054;13;-0.135;0.064;3.092;14;-0.116;-0.241;3.164;15;-0.123;-0.272;3.078;16;0.002;0.448;3.128;17;0.006;0.082;3.083;18;0.038;-0.232;3.142;19;0.050;-0.269;3.079
Frame152;2.592;0;-0.089;0.541;3.126;1;-0.085;0.583;3.186;2;-0.060;0.874;3.221;3;-0.114;1.054;3.219;4;-0.236;0.731;3.202;5;-0.297;0.483;3.230;6;-0.343;0.241;3.145;7;-0.385;0.208;3.127;8;0.088;0.809;3.221;9;0.316;0.835;3.237;10;0.409;0.783;3.023;11;0.418;0.755;3.011;12;-0.176;0.462;3.085;13;-0.137;0.065;3.096;14;-0.117;-0.242;3.170;15;-0.123;-0.274;3.083;16;-0.004;0.460;3.137;17;0.002;0.086;3.085;18;0.040;-0.232;3.144;19;0.046;-0.262;3.061
Frame153;2.609;0;-0.089;0.541;3.126;1;-0.085;0.583;3.186;2;-0.060;0.874;3.221;3;-0.114;1.054;3.219;4;-0.236;0.731;3.202;5;-0.297;0.483;3.230;6;-0.343;0.241;3.145;7;-0.385;0.208;3.127;8;0.088;0.809;3.221;9;0.316;0.835;3.237;10;0.409;0.783;3.023;11;0.418;0.755;3.011;12;-0.176;0.462;3.085;13;-0.137;0.065;3.096;14;-0.117;-0.242;3.170;15;-0.123;-0.274;3.083;16;-0.004;0.460;3.137;17;0.002;0.086;3.085;18;0.040;-0.232;3.144;19;0.046;-0.262;3.061
Frame154;2.626;0;-0.094;0.547;3.129;1;-0.092;0.589;3.188;2;-0.063;0.878;3.222;3;-0.116;1.057;3.219;4;-0.227;0.755;3.196;5;-0.299;0.485;3.217;6;-0.323;0.255;3.158;7;-0.328;0.199;3.180;8;0.091;0.817;3.226;9;0.316;0.885;3.243;10;0.416;0.877;3.024;11;0.443;0.840;2.995;12;-0.184;0.470;3.098;13;-0.138;0.066;3.100;14;-0.119;-0.243;3.174;15;-0.122;-0.275;3.088;16;-0.017;0.467;3.134;17;0.000;0.088;3.087;18;0.045;-0.232;3.147;19;0.047;-0.259;3.053
Frame155;2.642;0;-0.094;0.547;3.129;1;-0.092;0.589;3.188;2;-0.063;0.878;3.222;3;-0.116;1.057;3.219;4;-0.227;0.755;3.196;5;-0.299;0.485;3.217;6;-0.323;0.255;3.158;7;-0.328;0.199;3.180;8;0.091;0.817;3.226;9;0.316;0.885;3.243;10;0.416;0.877;3.024;11;0.443;0.840;2.995;12;-0.184;0.470;3.098;13;-0.138;0.066;3.100;14;-0.119;-0.243;3.174;15;-0.122;-0.275;3.088;16;-0.017;0.467;3.134;17;0.000;0.088;3.087;18;0.045;-0.232;3.147;19;0.047;-0.259;3.053
Frame156;2.659;0;-0.097;0.551;3.131;1;-0.095;0.594;3.189;2;-0.065;0.884;3.223;3;-0.118;1.060;3.219;4;-0.225;0.760;3.194;5;-0.298;0.483;3.211;6;-0.336;0.251;3.198;7;-0.332;0.167;3.200;8;0.098;0.834;3.233;9;0.317;0.918;3.242;10;0.416;0.970;3.026;11;0.437;0.946;2.999;12;-0.181;0.472;3.111;13;-0.139;0.068;3.105;14;-0.120;-0.244;3.178;15;-0.121;-0.275;3.091;16;-0.017;0.488;3.116;17;-0.001;0.091;3.088;18;0.049;-0.232;3.149;19;0.048;-0.257;3.048
Frame157;2.676;0;-0.097;0.551;3.131;1;-0.095;0.594;3.189;2;-0.065;0.884;3.223;3;-0.118;1.060;3.219;4;-0.225;0.760;3.194;5;-0.298;0.483;3.211;6;-0.336;0.251;3.198;7;-0.332;0.167;3.200;8;0.098;0.834;3.233;9;0.317;0.918;3.242;10;0.416;0.970;3.026;11;0.437;0.946;2.999;12;-0.181;0.472;3.111;13;-0.139;0.068;3.105;14;-0.120;-0.244;3.178;15;-0.121;-0.275;3.091;16;-0.017;0.488;3.116;17;-0.001;0.091;3.088;18;0.049;-0.232;3.149;19;0.048;-0.257;3.048
Frame158;2.693;0;-0.092;0.554;3.135;1;-0.093;0.598;3.192;2;-0.065;0.890;3.224;3;-0.114;1.070;3.222;4;-0.226;0.771;3.194;5;-0.305;0.520;3.234;6;-0.339;0.308;3.208;7;-0.332;0.279;3.204;8;0.102;0.845;3.237;9;0.310;0.953;3.246;10;0.401;1.065;3.054;11;0.406;1.049;3.034;12;-0.165;0.472;3.125;13;-0.140;0.070;3.109;14;-0.120;-0.244;3.180;15;-0.121;-0.276;3.094;16;-0.014;0.494;3.113;17;0.002;0.097;3.089;18;0.052;-0.232;3.152;19;0.052;-0.257;3.049
Frame159;2.710;0;-0.092;0.554;3.135;1;-0.093;0.598;3.192;2;-0.065;0.890;3.224;3;-0.114;1.070;3.222;4;-0.226;0.771;3.194;5;-0.305;0.520;3.234;6;-0.339;0.308;3.208;7;-0.332;0.279;3.204;8;0.102;0.845;3.237;9;0.310;0.953;3.246;10;0.401;1.065;3.054;11;0.406;1.049;3.034;12;-0.165;0.472;3.125;13;-0.140;0.070;3.109;14;-0.120;-0.244;3.180;15;-0.121;-0.276;3.094;16;-0.014;0.494;3.113;17;0.002;0.097;3.089;18;0.052;-0.232;3.152;19;0.052;-0.257;3.049
Frame160;2.727;0;-0.082;0.577;3.133;1;-0.081;0.619;3.190;2;-0.055;0.914;3.224;3;-0.105;1.085;3.226;4;-0.225;0.784;3.198;5;-0.334;0.588;3.248;6;-0.346;0.372;3.224;7;-0.347;0.325;3.204;8;0.109;0.858;3.240;9;0.309;0.972;3.249;10;0.356;1.145;3.097;11;0.364;1.194;3.064;12;-0.159;0.510;3.120;13;-0.141;0.074;3.114;14;-0.121;-0.245;3.183;15;-0.121;-0.276;3.096;16;-0.011;0.500;3.110;17;0.006;0.100;3.091;18;0.056;-0.233;3.155;19;0.057;-0.260;3.055
Frame161;2.744;0;-0.082;0.577;3.133;1;-0.081;0.619;3.190;2;-0.055;0.914;3.224;3;-0.105;1.085;3.226;4;-0.225;0.784;3.198;5;-0.334;0.588;3.248;6;-0.346;0.372;3.224;7;-0.347;0.325;3.204;8;0.109;0.858;3.240;9;0.309;0.972;3.249;10;0.356;1.145;3.097;11;0.364;1.194;3.064;12;-0.159;0.510;3.120;13;-0.141;0.074;3.114;14;-0.121;-0.245;3.183;15;-0.121;-0.276;3.096;16;-0.011;0.500;3.110;17;0.006;0.100;3.091;18;0.056;-0.233;3.155;19;0.057;-0.260;3.055
Frame162;2.761;0;-0.056;0.599;3.142;1;-0.057;0.641;3.198;2;-0.042;0.931;3.226;3;-0.088;1.105;3.229;4;-0.223;0.795;3.200;5;-0.364;0.644;3.267;6;-0.371;0.437;3.230;7;-0.356;0.383;3.227;8;0.117;0.870;3.242;9;0.308;0.988;3.254;10;0.329;1.189;3.136;11;0.317;1.200;3.120;12;-0.126;0.528;3.128;13;-0.140;0.078;3.119;14;-0.122;-0.245;3.185;15;-0.121;-0.276;3.098;16;0.013;0.522;3.122;17;0.015;0.108;3.097;18;0.060;-0.235;3.160;19;0.063;-0.264;3.066
Frame163;2.778;0;-0.056;0.599;3.142;1;-0.057;0.641;3.198;2;-0.042;0.931;3.226;3;-0.088;1.105;3.229;4;-0.223;0.795;3.200;5;-0.364;0.644;3.267;6;-0.371;0.437;3.230;7;-0.356;0.383;3.227;8;0.117;0.870;3.242;9;0.308;0.988;3.254;10;0.329;1.189;3.136;11;0.317;1.200;3.120;12;-0.126;0.528;3.128;13;-0.140;0.078;3.119;14;-0.122;-0.245;3.185;15;-0.121;-0.276;3.098;16;0.013;0.522;3.122;17;0.015;0.108;3.097;18;0.060;-0.235;3.160;19;0.063;-0.264;3.066
Frame164;2.795;0;-0.047;0.605;3.145;1;-0.048;0.648;3.201;2;-0.036;0.941;3.226;3;-0.075;1.120;3.233;4;-0.221;0.804;3.200;5;-0.397;0.700;3.275;6;-0.409;0.498;3.226;7;-0.393;0.425;3.226;8;0.121;0.877;3.243;9;0.311;1.005;3.258;10;0.301;1.230;3.169;11;0.287;1.279;3.144;12;-0.116;0.535;3.131;13;-0.140;0.081;3.124;14;-0.122;-0.245;3.187;15;-0.120;-0.276;3.100;16;0.024;0.517;3.125;17;0.020;0.114;3.102;18;0.062;-0.236;3.165;19;0.066;-0.267;3.075
Frame165;2.812;0;-0.047;0.605;3.145;1;-0.048;0.648;3.201;2;-0.036;0.941;3.226;3;-0.075;1.120;3.233;4;-0.221;0.804;3.200;5;-0.397;0.700;3.275;6;-0.409;0.498;3.226;7;-0.393;0.425;3.226;8;0.121;0.877;3.243;9;0.311;1.005;3.258;10;0.301;1.230;3.169;11;0.287;1.279;3.144;12;-0.116;0.535;3.131;13;-0.140;0.081;3.124;14;-0.122;-0.245;3.187;15;-0.120;-0.276;3.100;16;0.024;0.517;3.125;17;0.020;0.114;3.102;18;0.062;-0.236;3.165;19;0.066;-0.267;3.075
Frame166;2.829;0;-0.038;0.606;3.148;1;-0.040;0.652;3.204;2;-0.030;0.949;3.227;3;-0.065;1.130;3.236;4;-0.217;0.814;3.198;5;-0.413;0.781;3.273;6;-0.471;0.593;3.213;7;-0.463;0.507;3.214;8;0.126;0.884;3.240;9;0.316;1.015;3.261;10;0.280;1.239;3.206;11;0.243;1.311;3.177;12;-0.107;0.538;3.133;13;-0.133;0.099;3.133;14;-0.123;-0.245;3.188;15;-0.120;-0.276;3.102;16;0.037;0.515;3.128;17;0.026;0.116;3.111;18;0.063;-0.238;3.169;19;0.068;-0.269;3.081
Frame167;2.846;0;-0.038;0.606;3.148;1;-0.040;0.652;3.204;2;-0.030;0.949;3.227;3;-0.065;1.130;3.236;4;-0.217;0.814;3.198;5;-0.413;0.781;3.273;6;-0.471;0.593;3.213;7;-0.463;0.507;3.214;8;0.126;0.884;3.240;9;0.316;1.015;3.261;10;0.280;1.239;3.206;11;0.243;1.311;3.177;12;-0.107;0.538;3.133;13;-0.133;0.099;3.133;14;-0.123;-0.245;3.188;15;-0.120;-0.276;3.102;16;0.037;0.515;3.128;17;0.026;0.116;3.111;18;0.063;-0.238;3.169;19;0.068;-0.269;3.081
Frame168;2.863;0;-0.033;0.607;3.150;1;-0.036;0.654;3.205;2;-0.024;0.956;3.227;3;-0.059;1.136;3.237;4;-0.205;0.836;3.195;5;-0.438;0.844;3.266;6;-0.520;0.656;3.223;7;-0.530;0.566;3.215;8;0.133;0.891;3.237;9;0.328;1.013;3.263;10;0.269;1.222;3.230;11;0.235;1.251;3.229;12;-0.103;0.539;3.135;13;-0.130;0.108;3.137;14;-0.124;-0.244;3.189;15;-0.120;-0.276;3.103;16;0.041;0.517;3.129;17;0.030;0.119;3.120;18;0.064;-0.239;3.172;19;0.070;-0.271;3.086
Frame169;2.880;0;-0.033;0.607;3.150;1;-0.036;0.654;3.205;2;-0.024;0.956;3.227;3;-0.059;1.136;3.237;4;-0.205;0.836;3.195;5;-0.438;0.844;3.266;6;-0.520;0.656;3.223;7;-0.530;0.566;3.215;8;0.133;0.891;3.237;9;0.328;1.013;3.263;10;0.269;1.222;3.230;11;0.235;1.251;3.229;12;-0.103;0.539;3.135;13;-0.130;0.108;3.137;14;-0.124;-0.244;3.189;15;-0.120;-0.276;3.103;16;0.041;0.517;3.129;17;0.030;0.119;3.120;18;0.064;-0.239;3.172;19;0.070;-0.271;3.086
Frame170;2.897;0;-0.030;0.607;3.151;1;-0.032;0.655;3.206;2;-0.017;0.948;3.224;3;-0.047;1.145;3.239;4;-0.200;0.853;3.196;5;-0.465;0.898;3.267;6;-0.592;0.731;3.227;7;-0.617;0.640;3.216;8;0.136;0.891;3.226;9;0.341;1.004;3.265;10;0.250;1.204;3.250;11;0.198;1.275;3.257;12;-0.101;0.538;3.136;13;-0.128;0.114;3.139;14;-0.124;-0.244;3.190;15;-0.121;-0.276;3.103;16;0.044;0.518;3.130;17;0.036;0.119;3.131;18;0.064;-0.240;3.178;19;0.068;-0.273;3.093
Frame171;2.914;0;-0.030;0.607;3.151;1;-0.032;0.655;3.206;2;-0.017;0.948;3.224;3;-0.047;1.145;3.239;4;-0.200;0.853;3.196;5;-0.465;0.898;3.267;6;-0.592;0.731;3.227;7;-0.617;0.640;3.216;8;0.136;0.891;3.226;9;0.341;1.004;3.265;10;0.250;1.204;3.250;11;0.198;1.275;3.257;12;-0.101;0.538;3.136;13;-0.128;0.114;3.139;14;-0.124;-0.244;3.190;15;-0.121;-0.276;3.103;16;0.044;0.518;3.130;17;0.036;0.119;3.131;18;0.064;-0.240;3.178;19;0.068;-0.273;3.093
Frame172;2.931;0;-0.027;0.606;3.152;1;-0.029;0.655;3.207;2;-0.011;0.951;3.224;3;-0.031;1.153;3.242;4;-0.197;0.863;3.196;5;-0.465;0.955;3.273;6;-0.625;0.807;3.230;7;-0.622;0.770;3.218;8;0.140;0.891;3.221;9;0.364;0.971;3.265;10;0.247;1.159;3.261;11;0.210;1.218;3.257;12;-0.098;0.535;3.138;13;-0.126;0.122;3.131;14;-0.128;-0.239;3.181;15;-0.125;-0.271;3.095;16;0.046;0.518;3.130;17;0.041;0.119;3.140;18;0.063;-0.242;3.185;19;0.067;-0.275;3.101
Frame173;2.948;0;-0.027;0.606;3.152;1;-0.029;0.655;3.207;2;-0.011;0.951;3.224;3;-0.031;1.153;3.242;4;-0.197;0.863;3.196;5;-0.465;0.955;3.273;6;-0.625;0.807;3.230;7;-0.622;0.770;3.218;8;0.140;0.891;3.221;9;0.364;0.971;3.265;10;0.247;1.159;3.261;11;0.210;1.218;3.257;12;-0.098;0.535;3.138;13;-0.126;0.122;3.131;14;-0.128;-0.239;3.181;15;-0.125;-0.271;3.095;16;0.046;0.518;3.130;17;0.041;0.119;3.140;18;0.063;-0.242;3.185;19;0.067;-0.275;3.101
Frame174;2.965;0;-0.025;0.599;3.152;1;-0.025;0.650;3.207;2;-0.008;0.953;3.224;3;-0.010;1.152;3.249;4;-0.195;0.869;3.197;5;-0.462;0.967;3.276;6;-0.665;0.901;3.213;7;-0.712;0.860;3.192;8;0.123;0.858;3.179;9;0.365;0.948;3.257;10;0.245;1.142;3.264;11;0.224;1.185;3.295;12;-0.096;0.531;3.138;13;-0.126;0.130;3.114;14;-0.134;-0.229;3.163;15;-0.137;-0.260;3.075;16;0.046;0.517;3.130;17;0.045;0.119;3.146;18;0.063;-0.244;3.190;19;0.064;-0.277;3.106
Frame175;2.982;0;-0.025;0.599;3.152;1;-0.025;0.650;3.207;2;-0.008;0.953;3.224;3;-0.010;1.152;3.249;4;-0.195;0.869;3.197;5;-0.462;0.967;3.276;6;-0.665;0.901;3.213;7;-0.712;0.860;3.192;8;0.123;0.858;3.179;9;0.365;0.948;3.257;10;0.245;1.142;3.264;11;0.224;1.185;3.295;12;-0.096;0.531;3.138;13;-0.126;0.130;3.114;14;-0.134;-0.229;3.163;15;-0.137;-0.260;3.075;16;0.046;0.517;3.130;17;0.045;0.119;3.146;18;0.063;-0.244;3.190;19;0.064;-0.277;3.106
Frame176;2.998;0;-0.024;0.594;3.152;1;-0.022;0.645;3.208;2;-0.006;0.954;3.224;3;0.000;1.149;3.250;4;-0.192;0.879;3.219;5;-0.462;0.989;3.280;6;-0.674;1.001;3.206;7;-0.744;1.002;3.182;8;0.136;0.814;3.167;9;0.362;0.785;3.245;10;0.303;1.025;3.253;11;0.296;1.070;3.299;12;-0.095;0.527;3.138;13;-0.125;0.131;3.095;14;-0.138;-0.223;3.151;15;-0.146;-0.255;3.063;16;0.042;0.506;3.146;17;0.049;0.117;3.151;18;0.062;-0.244;3.193;19;0.059;-0.277;3.110
Frame177;3.015;0;-0.024;0.594;3.152;1;-0.022;0.645;3.208;2;-0.006;0.954;3.224;3;0.000;1.149;3.250;4;-0.192;0.879;3.219;5;-0.462;0.989;3.280;6;-0.674;1.001;3.206;7;-0.744;1.002;3.182;8;0.136;0.814;3.167;9;0.362;0.785;3.245;10;0.303;1.025;3.253;11;0.296;1.070;3.299;12;-0.095;0.527;3.138;13;-0.125;0.131;3.095;14;-0.138;-0.223;3.151;15;-0.146;-0.255;3.063;16;0.042;0.506;3.146;17;0.049;0.117;3.151;18;0.062;-0.244;3.193;19;0.059;-0.277;3.110
Frame178;3.032;0;-0.020;0.583;3.153;1;-0.015;0.633;3.209;2;-0.004;0.945;3.227;3;0.010;1.133;3.252;4;-0.189;0.881;3.226;5;-0.459;1.004;3.283;6;-0.649;1.065;3.191;7;-0.675;1.052;3.175;8;0.139;0.792;3.167;9;0.340;0.688;3.245;10;0.399;0.884;3.224;11;0.404;0.954;3.261;12;-0.090;0.517;3.136;13;-0.124;0.131;3.079;14;-0.141;-0.219;3.142;15;-0.149;-0.250;3.054;16;0.044;0.499;3.149;17;0.053;0.116;3.154;18;0.062;-0.245;3.195;19;0.057;-0.278;3.112
Frame179;3.048;0;-0.020;0.583;3.153;1;-0.015;0.633;3.209;2;-0.004;0.945;3.227;3;0.010;1.133;3.252;4;-0.189;0.881;3.226;5;-0.459;1.004;3.283;6;-0.649;1.065;3.191;7;-0.675;1.052;3.175;8;0.139;0.792;3.167;9;0.340;0.688;3.245;10;0.399;0.884;3.224;11;0.404;0.954;3.261;12;-0.090;0.517;3.136;13;-0.124;0.131;3.079;14;-0.141;-0.219;3.142;15;-0.149;-0.250;3.054;16;0.044;0.499;3.149;17;0.053;0.116;3.154;18;0.062;-0.245;3.195;19;0.057;-0.278;3.112
Frame180;3.065;0;-0.010;0.554;3.148;1;-0.005;0.602;3.206;2;-0.001;0.924;3.233;3;0.016;1.117;3.252;4;-0.169;0.840;3.225;5;-0.418;0.984;3.276;6;-0.589;1.105;3.213;7;-0.658;1.153;3.188;8;0.122;0.751;3.169;9;0.296;0.586;3.233;10;0.453;0.741;3.193;11;0.474;0.804;3.214;12;-0.081;0.492;3.102;13;-0.124;0.126;3.065;14;-0.143;-0.216;3.135;15;-0.151;-0.247;3.048;16;0.059;0.469;3.159;17;0.057;0.113;3.153;18;0.061;-0.243;3.193;19;0.055;-0.275;3.109
Frame181;3.082;0;-0.010;0.554;3.148;1;-0.005;0.602;3.206;2;-0.001;0.924;3.233;3;0.016;1.117;3.252;4;-0.169;0.840;3.225;5;-0.418;0.984;3.276;6;-0.589;1.105;3.213;7;-0.658;1.153;3.188;8;0.122;0.751;3.169;9;0.296;0.586;3.233;10;0.453;0.741;3.193;11;0.474;0.804;3.214;12;-0.081;0.492;3.102;13;-0.124;0.126;3.065;14;-0.143;-0.216;3.135;15;-0.151;-0.247;3.048;16;0.059;0.469;3.159;17;0.057;0.113;3.153;18;0.061;-0.243;3.193;19;0.055;-0.275;3.109
Frame182;3.098;0;-0.006;0.539;3.148;1;-0.001;0.585;3.207;2;-0.001;0.900;3.242;3;0.015;1.090;3.245;4;-0.161;0.811;3.224;5;-0.398;0.973;3.272;6;-0.561;1.195;3.214;7;-0.614;1.240;3.192;8;0.118;0.734;3.180;9;0.265;0.552;3.230;10;0.493;0.588;3.151;11;0.541;0.635;3.140;12;-0.075;0.467;3.111;13;-0.126;0.108;3.047;14;-0.143;-0.214;3.130;15;-0.151;-0.245;3.043;16;0.063;0.459;3.161;17;0.064;0.102;3.141;18;0.061;-0.241;3.187;19;0.056;-0.272;3.101
Frame183;3.116;0;-0.006;0.539;3.148;1;-0.001;0.585;3.207;2;-0.001;0.900;3.242;3;0.015;1.090;3.245;4;-0.161;0.811;3.224;5;-0.398;0.973;3.272;6;-0.561;1.195;3.214;7;-0.614;1.240;3.192;8;0.118;0.734;3.180;9;0.265;0.552;3.230;10;0.493;0.588;3.151;11;0.541;0.635;3.140;12;-0.075;0.467;3.111;13;-0.126;0.108;3.047;14;-0.143;-0.214;3.130;15;-0.151;-0.245;3.043;16;0.063;0.459;3.161;17;0.064;0.102;3.141;18;0.061;-0.241;3.187;19;0.056;-0.272;3.101
Frame184;3.132;0;-0.004;0.525;3.149;1;0.000;0.571;3.208;2;-0.002;0.887;3.247;3;0.015;1.077;3.244;4;-0.164;0.794;3.230;5;-0.391;0.970;3.271;6;-0.496;1.189;3.221;7;-0.528;1.269;3.197;8;0.117;0.725;3.188;9;0.225;0.520;3.233;10;0.449;0.490;3.143;11;0.532;0.491;3.105;12;-0.073;0.450;3.120;13;-0.126;0.100;3.040;14;-0.143;-0.213;3.127;15;-0.151;-0.244;3.039;16;0.066;0.446;3.153;17;0.068;0.094;3.130;18;0.062;-0.238;3.178;19;0.057;-0.269;3.092
Frame185;3.149;0;-0.004;0.525;3.149;1;0.000;0.571;3.208;2;-0.002;0.887;3.247;3;0.015;1.077;3.244;4;-0.164;0.794;3.230;5;-0.391;0.970;3.271;6;-0.496;1.189;3.221;7;-0.528;1.269;3.197;8;0.117;0.725;3.188;9;0.225;0.520;3.233;10;0.449;0.490;3.143;11;0.532;0.491;3.105;12;-0.073;0.450;3.120;13;-0.126;0.100;3.040;14;-0.143;-0.213;3.127;15;-0.151;-0.244;3.039;16;0.066;0.446;3.153;17;0.068;0.094;3.130;18;0.062;-0.238;3.178;19;0.057;-0.269;3.092
Frame186;3.166;0;-0.020;0.487;3.152;1;-0.015;0.537;3.212;2;-0.003;0.869;3.252;3;0.014;1.063;3.245;4;-0.165;0.784;3.232;5;-0.393;0.939;3.272;6;-0.423;1.171;3.227;7;-0.430;1.255;3.202;8;0.120;0.716;3.202;9;0.218;0.512;3.234;10;0.400;0.375;3.165;11;0.412;0.430;3.131;12;-0.082;0.431;3.121;13;-0.126;0.094;3.036;14;-0.142;-0.212;3.123;15;-0.147;-0.243;3.035;16;0.042;0.407;3.150;17;0.069;0.080;3.115;18;0.064;-0.230;3.156;19;0.061;-0.261;3.069
Frame187;3.183;0;-0.020;0.487;3.152;1;-0.015;0.537;3.212;2;-0.003;0.869;3.252;3;0.014;1.063;3.245;4;-0.165;0.784;3.232;5;-0.393;0.939;3.272;6;-0.423;1.171;3.227;7;-0.430;1.255;3.202;8;0.120;0.716;3.202;9;0.218;0.512;3.234;10;0.400;0.375;3.165;11;0.412;0.430;3.131;12;-0.082;0.431;3.121;13;-0.126;0.094;3.036;14;-0.142;-0.212;3.123;15;-0.147;-0.243;3.035;16;0.042;0.407;3.150;17;0.069;0.080;3.115;18;0.064;-0.230;3.156;19;0.061;-0.261;3.069
Frame188;3.200;0;-0.028;0.469;3.150;1;-0.022;0.519;3.211;2;-0.007;0.853;3.256;3;0.008;1.049;3.245;4;-0.172;0.753;3.231;5;-0.393;0.921;3.272;6;-0.377;1.155;3.227;7;-0.362;1.239;3.198;8;0.120;0.710;3.207;9;0.198;0.464;3.229;10;0.392;0.343;3.164;11;0.459;0.256;3.103;12;-0.092;0.417;3.120;13;-0.126;0.089;3.036;14;-0.141;-0.212;3.120;15;-0.145;-0.243;3.032;16;0.032;0.387;3.141;17;0.066;0.069;3.100;18;0.046;-0.219;3.131;19;0.045;-0.251;3.045
Frame189;3.217;0;-0.028;0.469;3.150;1;-0.022;0.519;3.211;2;-0.007;0.853;3.256;3;0.008;1.049;3.245;4;-0.172;0.753;3.231;5;-0.393;0.921;3.272;6;-0.377;1.155;3.227;7;-0.362;1.239;3.198;8;0.120;0.710;3.207;9;0.198;0.464;3.229;10;0.392;0.343;3.164;11;0.459;0.256;3.103;12;-0.092;0.417;3.120;13;-0.126;0.089;3.036;14;-0.141;-0.212;3.120;15;-0.145;-0.243;3.032;16;0.032;0.387;3.141;17;0.066;0.069;3.100;18;0.046;-0.219;3.131;19;0.045;-0.251;3.045
Frame190;3.233;0;-0.027;0.460;3.152;1;-0.023;0.510;3.211;2;-0.010;0.844;3.258;3;0.005;1.041;3.245;4;-0.176;0.745;3.232;5;-0.395;0.863;3.257;6;-0.349;1.097;3.229;7;-0.334;1.179;3.216;8;0.120;0.706;3.210;9;0.193;0.485;3.214;10;0.317;0.298;3.171;11;0.341;0.287;3.142;12;-0.079;0.400;3.107;13;-0.127;0.082;3.040;14;-0.139;-0.212;3.117;15;-0.142;-0.243;3.030;16;0.049;0.373;3.163;17;0.064;0.064;3.092;18;0.045;-0.215;3.121;19;0.044;-0.246;3.034
Frame191;3.251;0;-0.027;0.460;3.152;1;-0.023;0.510;3.211;2;-0.010;0.844;3.258;3;0.005;1.041;3.245;4;-0.176;0.745;3.232;5;-0.395;0.863;3.257;6;-0.349;1.097;3.229;7;-0.334;1.179;3.216;8;0.120;0.706;3.210;9;0.193;0.485;3.214;10;0.317;0.298;3.171;11;0.341;0.287;3.142;12;-0.079;0.400;3.107;13;-0.127;0.082;3.040;14;-0.139;-0.212;3.117;15;-0.142;-0.243;3.030;16;0.049;0.373;3.163;17;0.064;0.064;3.092;18;0.045;-0.215;3.121;19;0.044;-0.246;3.034
Frame192;3.268;0;-0.026;0.454;3.154;1;-0.023;0.502;3.213;2;-0.023;0.783;3.249;3;-0.007;0.996;3.251;4;-0.180;0.740;3.234;5;-0.390;0.816;3.247;6;-0.339;1.049;3.228;7;-0.320;1.119;3.223;8;0.120;0.703;3.212;9;0.189;0.457;3.208;10;0.295;0.225;3.180;11;0.318;0.211;3.175;12;-0.074;0.389;3.110;13;-0.128;0.077;3.045;14;-0.137;-0.212;3.116;15;-0.140;-0.243;3.029;16;0.051;0.366;3.166;17;0.062;0.060;3.086;18;0.045;-0.215;3.121;19;0.044;-0.246;3.034
Frame193;3.285;0;-0.054;0.442;3.164;1;-0.042;0.493;3.221;2;-0.028;0.796;3.254;3;-0.012;0.994;3.251;4;-0.184;0.739;3.236;5;-0.393;0.788;3.238;6;-0.346;1.015;3.222;7;-0.334;1.077;3.220;8;0.121;0.702;3.213;9;0.188;0.449;3.206;10;0.235;0.210;3.182;11;0.284;0.154;3.191;12;-0.116;0.378;3.149;13;-0.129;0.073;3.051;14;-0.135;-0.212;3.115;15;-0.138;-0.244;3.028;16;0.014;0.358;3.145;17;0.060;0.054;3.079;18;0.045;-0.215;3.121;19;0.044;-0.246;3.034
Frame194;3.302;0;-0.054;0.442;3.164;1;-0.042;0.493;3.221;2;-0.028;0.796;3.254;3;-0.012;0.994;3.251;4;-0.184;0.739;3.236;5;-0.393;0.788;3.238;6;-0.346;1.015;3.222;7;-0.334;1.077;3.220;8;0.121;0.702;3.213;9;0.188;0.449;3.206;10;0.235;0.210;3.182;11;0.284;0.154;3.191;12;-0.116;0.378;3.149;13;-0.129;0.073;3.051;14;-0.135;-0.212;3.115;15;-0.138;-0.244;3.028;16;0.014;0.358;3.145;17;0.060;0.054;3.079;18;0.045;-0.215;3.121;19;0.044;-0.246;3.034
Frame195;3.318;0;-0.043;0.443;3.166;1;-0.038;0.492;3.223;2;-0.030;0.800;3.257;3;-0.032;1.008;3.255;4;-0.186;0.737;3.237;5;-0.397;0.736;3.230;6;-0.350;0.947;3.188;7;-0.337;1.008;3.181;8;0.119;0.706;3.215;9;0.188;0.445;3.207;10;0.211;0.217;3.179;11;0.253;0.142;3.207;12;-0.099;0.386;3.146;13;-0.130;0.071;3.057;14;-0.133;-0.213;3.116;15;-0.136;-0.245;3.029;16;0.018;0.363;3.146;17;0.057;0.053;3.076;18;0.045;-0.215;3.121;19;0.044;-0.246;3.034
Frame196;3.335;0;-0.043;0.443;3.166;1;-0.038;0.492;3.223;2;-0.030;0.800;3.257;3;-0.032;1.008;3.255;4;-0.186;0.737;3.237;5;-0.397;0.736;3.230;6;-0.350;0.947;3.188;7;-0.337;1.008;3.181;8;0.119;0.706;3.215;9;0.188;0.445;3.207;10;0.211;0.217;3.179;11;0.253;0.142;3.207;12;-0.099;0.386;3.146;13;-0.130;0.071;3.057;14;-0.133;-0.213;3.116;15;-0.136;-0.245;3.029;16;0.018;0.363;3.146;17;0.057;0.053;3.076;18;0.045;-0.215;3.121;19;0.044;-0.246;3.034
Frame197;3.352;0;-0.034;0.446;3.166;1;-0.033;0.493;3.224;2;-0.031;0.799;3.258;3;-0.045;1.012;3.256;4;-0.189;0.726;3.234;5;-0.380;0.642;3.259;6;-0.373;0.824;3.156;7;-0.373;0.880;3.129;8;0.116;0.722;3.220;9;0.189;0.448;3.214;10;0.193;0.233;3.179;11;0.242;0.157;3.213;12;-0.091;0.388;3.144;13;-0.131;0.069;3.062;14;-0.131;-0.215;3.118;15;-0.134;-0.246;3.032;16;0.025;0.371;3.143;17;0.054;0.053;3.074;18;0.045;-0.215;3.121;19;0.044;-0.246;3.034
Frame198;3.369;0;-0.034;0.446;3.166;1;-0.033;0.493;3.224;2;-0.031;0.799;3.258;3;-0.045;1.012;3.256;4;-0.189;0.726;3.234;5;-0.380;0.642;3.259;6;-0.373;0.824;3.156;7;-0.373;0.880;3.129;8;0.116;0.722;3.220;9;0.189;0.448;3.214;10;0.193;0.233;3.179;11;0.242;0.157;3.213;12;-0.091;0.388;3.144;13;-0.131;0.069;3.062;14;-0.131;-0.215;3.118;15;-0.134;-0.246;3.032;16;0.025;0.371;3.143;17;0.054;0.053;3.074;18;0.045;-0.215;3.121;19;0.044;-0.246;3.034
Frame199;3.385;0;-0.029;0.452;3.166;1;-0.030;0.496;3.224;2;-0.031;0.797;3.257;3;-0.053;1.013;3.257;4;-0.192;0.718;3.229;5;-0.370;0.576;3.255;6;-0.402;0.764;3.133;7;-0.406;0.821;3.101;8;0.110;0.736;3.223;9;0.193;0.484;3.238;10;0.184;0.276;3.189;11;0.216;0.187;3.224;12;-0.089;0.389;3.146;13;-0.132;0.067;3.068;14;-0.127;-0.220;3.130;15;-0.130;-0.251;3.044;16;0.027;0.401;3.139;17;0.049;0.060;3.074;18;0.045;-0.215;3.121;19;0.044;-0.246;3.034
Frame200;3.402;0;-0.029;0.452;3.166;1;-0.030;0.496;3.224;2;-0.031;0.797;3.257;3;-0.053;1.013;3.257;4;-0.192;0.718;3.229;5;-0.370;0.576;3.255;6;-0.402;0.764;3.133;7;-0.406;0.821;3.101;8;0.110;0.736;3.223;9;0.193;0.484;3.238;10;0.184;0.276;3.189;11;0.216;0.187;3.224;12;-0.089;0.389;3.146;13;-0.132;0.067;3.068;14;-0.127;-0.220;3.130;15;-0.130;-0.251;3.044;16;0.027;0.401;3.139;17;0.049;0.060;3.074;18;0.045;-0.215;3.121;19;0.044;-0.246;3.034
Frame201;3.419;0;-0.026;0.461;3.165;1;-0.026;0.501;3.223;2;-0.031;0.795;3.255;3;-0.060;1.013;3.257;4;-0.199;0.715;3.232;5;-0.361;0.539;3.249;6;-0.457;0.689;3.112;7;-0.441;0.663;3.113;8;0.103;0.749;3.222;9;0.195;0.504;3.249;10;0.184;0.303;3.194;11;0.206;0.219;3.226;12;-0.085;0.400;3.147;13;-0.134;0.065;3.074;14;-0.121;-0.229;3.150;15;-0.127;-0.261;3.064;16;0.028;0.413;3.137;17;0.044;0.066;3.076;18;0.035;-0.227;3.142;19;0.070;-0.291;3.152
Frame202;3.436;0;-0.026;0.461;3.165;1;-0.026;0.501;3.223;2;-0.031;0.795;3.255;3;-0.060;1.013;3.257;4;-0.199;0.715;3.232;5;-0.361;0.539;3.249;6;-0.457;0.689;3.112;7;-0.441;0.663;3.113;8;0.103;0.749;3.222;9;0.195;0.504;3.249;10;0.184;0.303;3.194;11;0.206;0.219;3.226;12;-0.085;0.400;3.147;13;-0.134;0.065;3.074;14;-0.121;-0.229;3.150;15;-0.127;-0.261;3.064;16;0.028;0.413;3.137;17;0.044;0.066;3.076;18;0.035;-0.227;3.142;19;0.070;-0.291;3.152
Frame203;3.453;0;-0.044;0.472;3.158;1;-0.034;0.506;3.218;2;-0.032;0.793;3.252;3;-0.066;1.013;3.256;4;-0.203;0.714;3.233;5;-0.320;0.503;3.256;6;-0.484;0.558;3.099;7;-0.495;0.567;3.110;8;0.098;0.758;3.220;9;0.196;0.514;3.254;10;0.184;0.316;3.194;11;0.208;0.244;3.226;12;-0.116;0.412;3.149;13;-0.135;0.064;3.082;14;-0.117;-0.235;3.161;15;-0.125;-0.266;3.076;16;0.002;0.414;3.119;17;0.039;0.070;3.080;18;0.030;-0.222;3.147;19;0.072;-0.292;3.173
Frame204;3.469;0;-0.044;0.472;3.158;1;-0.034;0.506;3.218;2;-0.032;0.793;3.252;3;-0.066;1.013;3.256;4;-0.203;0.714;3.233;5;-0.320;0.503;3.256;6;-0.484;0.558;3.099;7;-0.495;0.567;3.110;8;0.098;0.758;3.220;9;0.196;0.514;3.254;10;0.184;0.316;3.194;11;0.208;0.244;3.226;12;-0.116;0.412;3.149;13;-0.135;0.064;3.082;14;-0.117;-0.235;3.161;15;-0.125;-0.266;3.076;16;0.002;0.414;3.119;17;0.039;0.070;3.080;18;0.030;-0.222;3.147;19;0.072;-0.292;3.173
Frame205;3.486;0;-0.055;0.478;3.155;1;-0.045;0.516;3.215;2;-0.040;0.847;3.262;3;-0.082;1.041;3.251;4;-0.207;0.716;3.232;5;-0.297;0.499;3.261;6;-0.479;0.447;3.107;7;-0.527;0.416;3.085;8;0.078;0.769;3.216;9;0.199;0.526;3.260;10;0.185;0.328;3.196;11;0.208;0.254;3.223;12;-0.130;0.417;3.151;13;-0.136;0.064;3.091;14;-0.115;-0.240;3.171;15;-0.124;-0.271;3.086;16;-0.010;0.419;3.111;17;0.031;0.075;3.089;18;0.026;-0.224;3.156;19;0.034;-0.277;3.118
Frame206;3.503;0;-0.055;0.478;3.155;1;-0.045;0.516;3.215;2;-0.040;0.847;3.262;3;-0.082;1.041;3.251;4;-0.207;0.716;3.232;5;-0.297;0.499;3.261;6;-0.479;0.447;3.107;7;-0.527;0.416;3.085;8;0.078;0.769;3.216;9;0.199;0.526;3.260;10;0.185;0.328;3.196;11;0.208;0.254;3.223;12;-0.130;0.417;3.151;13;-0.136;0.064;3.091;14;-0.115;-0.240;3.171;15;-0.124;-0.271;3.086;16;-0.010;0.419;3.111;17;0.031;0.075;3.089;18;0.026;-0.224;3.156;19;0.034;-0.277;3.118
Frame207;3.519;0;-0.059;0.483;3.155;1;-0.051;0.527;3.215;2;-0.046;0.883;3.269;3;-0.090;1.055;3.251;4;-0.210;0.718;3.231;5;-0.287;0.493;3.263;6;-0.441;0.367;3.128;7;-0.483;0.379;3.116;8;0.071;0.775;3.214;9;0.211;0.561;3.269;10;0.193;0.358;3.204;11;0.213;0.276;3.226;12;-0.134;0.414;3.180;13;-0.134;0.066;3.102;14;-0.114;-0.245;3.180;15;-0.123;-0.276;3.095;16;-0.004;0.424;3.092;17;0.024;0.078;3.101;18;0.029;-0.234;3.171;19;0.029;-0.277;3.114
Frame208;3.536;0;-0.059;0.483;3.155;1;-0.051;0.527;3.215;2;-0.046;0.883;3.269;3;-0.090;1.055;3.251;4;-0.210;0.718;3.231;5;-0.287;0.493;3.263;6;-0.441;0.367;3.128;7;-0.483;0.379;3.116;8;0.071;0.775;3.214;9;0.211;0.561;3.269;10;0.193;0.358;3.204;11;0.213;0.276;3.226;12;-0.134;0.414;3.180;13;-0.134;0.066;3.102;14;-0.114;-0.245;3.180;15;-0.123;-0.276;3.095;16;-0.004;0.424;3.092;17;0.024;0.078;3.101;18;0.029;-0.234;3.171;19;0.029;-0.277;3.114
Frame209;3.553;0;-0.053;0.494;3.154;1;-0.048;0.540;3.215;2;-0.049;0.897;3.272;3;-0.096;1.067;3.252;4;-0.215;0.723;3.230;5;-0.280;0.488;3.263;6;-0.414;0.333;3.138;7;-0.464;0.310;3.133;8;0.066;0.784;3.217;9;0.215;0.573;3.272;10;0.195;0.369;3.207;11;0.212;0.284;3.224;12;-0.112;0.430;3.164;13;-0.133;0.068;3.112;14;-0.113;-0.248;3.187;15;-0.122;-0.279;3.101;16;0.020;0.441;3.102;17;0.020;0.080;3.110;18;0.030;-0.241;3.182;19;0.024;-0.276;3.108
Frame210;3.570;0;-0.053;0.494;3.154;1;-0.048;0.540;3.215;2;-0.049;0.897;3.272;3;-0.096;1.067;3.252;4;-0.215;0.723;3.230;5;-0.280;0.488;3.263;6;-0.414;0.333;3.138;7;-0.464;0.310;3.133;8;0.066;0.784;3.217;9;0.215;0.573;3.272;10;0.195;0.369;3.207;11;0.212;0.284;3.224;12;-0.112;0.430;3.164;13;-0.133;0.068;3.112;14;-0.113;-0.248;3.187;15;-0.122;-0.279;3.101;16;0.020;0.441;3.102;17;0.020;0.080;3.110;18;0.030;-0.241;3.182;19;0.024;-0.276;3.108
Frame211;3.587;0;-0.048;0.501;3.152;1;-0.045;0.549;3.214;2;-0.050;0.906;3.273;3;-0.099;1.074;3.253;4;-0.218;0.728;3.226;5;-0.280;0.493;3.262;6;-0.363;0.301;3.148;7;-0.425;0.236;3.133;8;0.061;0.789;3.216;9;0.217;0.579;3.275;10;0.197;0.376;3.208;11;0.211;0.289;3.223;12;-0.099;0.438;3.154;13;-0.130;0.069;3.122;14;-0.113;-0.250;3.191;15;-0.122;-0.281;3.106;16;0.030;0.449;3.105;17;0.017;0.081;3.119;18;0.030;-0.249;3.192;19;0.020;-0.277;3.105
Frame212;3.603;0;-0.048;0.501;3.152;1;-0.045;0.549;3.214;2;-0.050;0.906;3.273;3;-0.099;1.074;3.253;4;-0.218;0.728;3.226;5;-0.280;0.493;3.262;6;-0.363;0.301;3.148;7;-0.425;0.236;3.133;8;0.061;0.789;3.216;9;0.217;0.579;3.275;10;0.197;0.376;3.208;11;0.211;0.289;3.223;12;-0.099;0.438;3.154;13;-0.130;0.069;3.122;14;-0.113;-0.250;3.191;15;-0.122;-0.281;3.106;16;0.030;0.449;3.105;17;0.017;0.081;3.119;18;0.030;-0.249;3.192;19;0.020;-0.277;3.105
Frame213;3.620;0;-0.058;0.505;3.151;1;-0.054;0.556;3.213;2;-0.052;0.913;3.273;3;-0.101;1.082;3.254;4;-0.219;0.768;3.212;5;-0.285;0.505;3.258;6;-0.329;0.288;3.173;7;-0.375;0.209;3.175;8;0.058;0.793;3.216;9;0.219;0.584;3.276;10;0.197;0.380;3.210;11;0.210;0.292;3.221;12;-0.125;0.444;3.144;13;-0.127;0.070;3.130;14;-0.111;-0.254;3.200;15;-0.116;-0.285;3.115;16;0.007;0.449;3.118;17;0.013;0.081;3.129;18;0.029;-0.254;3.199;19;0.047;-0.313;3.172
Frame214;3.637;0;-0.058;0.505;3.151;1;-0.054;0.556;3.213;2;-0.052;0.913;3.273;3;-0.101;1.082;3.254;4;-0.219;0.768;3.212;5;-0.285;0.505;3.258;6;-0.329;0.288;3.173;7;-0.375;0.209;3.175;8;0.058;0.793;3.216;9;0.219;0.584;3.276;10;0.197;0.380;3.210;11;0.210;0.292;3.221;12;-0.125;0.444;3.144;13;-0.127;0.070;3.130;14;-0.111;-0.254;3.200;15;-0.116;-0.285;3.115;16;0.007;0.449;3.118;17;0.013;0.081;3.129;18;0.029;-0.254;3.199;19;0.047;-0.313;3.172
Frame215;3.653;0;-0.068;0.508;3.152;1;-0.066;0.561;3.214;2;-0.055;0.917;3.272;3;-0.100;1.087;3.255;4;-0.219;0.785;3.205;5;-0.273;0.507;3.212;6;-0.298;0.268;3.201;7;-0.322;0.177;3.216;8;0.059;0.796;3.219;9;0.220;0.586;3.277;10;0.192;0.385;3.193;11;0.202;0.297;3.205;12;-0.137;0.446;3.140;13;-0.107;0.028;3.170;14;-0.108;-0.264;3.216;15;-0.107;-0.296;3.132;16;-0.013;0.447;3.131;17;0.011;0.080;3.137;18;0.030;-0.257;3.206;19;0.044;-0.308;3.160
Frame216;3.670;0;-0.068;0.508;3.152;1;-0.066;0.561;3.214;2;-0.055;0.917;3.272;3;-0.100;1.087;3.255;4;-0.219;0.785;3.205;5;-0.273;0.507;3.212;6;-0.298;0.268;3.201;7;-0.322;0.177;3.216;8;0.059;0.796;3.219;9;0.220;0.586;3.277;10;0.192;0.385;3.193;11;0.202;0.297;3.205;12;-0.137;0.446;3.140;13;-0.107;0.028;3.170;14;-0.108;-0.264;3.216;15;-0.107;-0.296;3.132;16;-0.013;0.447;3.131;17;0.011;0.080;3.137;18;0.030;-0.257;3.206;19;0.044;-0.308;3.160
Frame217;3.687;0;-0.072;0.509;3.152;1;-0.072;0.563;3.214;2;-0.069;0.881;3.259;3;-0.098;1.088;3.257;4;-0.219;0.793;3.202;5;-0.236;0.523;3.138;6;-0.288;0.282;3.207;7;-0.287;0.215;3.203;8;0.061;0.799;3.222;9;0.220;0.582;3.275;10;0.189;0.383;3.187;11;0.198;0.295;3.200;12;-0.141;0.448;3.137;13;-0.101;0.050;3.178;14;-0.107;-0.266;3.223;15;-0.109;-0.325;3.189;16;-0.019;0.446;3.136;17;0.007;0.079;3.147;18;0.031;-0.259;3.212;19;0.045;-0.304;3.156
Frame218;3.704;0;-0.072;0.509;3.152;1;-0.072;0.563;3.214;2;-0.069;0.881;3.259;3;-0.098;1.088;3.257;4;-0.219;0.793;3.202;5;-0.236;0.523;3.138;6;-0.288;0.282;3.207;7;-0.287;0.215;3.203;8;0.061;0.799;3.222;9;0.220;0.582;3.275;10;0.189;0.383;3.187;11;0.198;0.295;3.200;12;-0.141;0.448;3.137;13;-0.101;0.050;3.178;14;-0.107;-0.266;3.223;15;-0.109;-0.325;3.189;16;-0.019;0.446;3.136;17;0.007;0.079;3.147;18;0.031;-0.259;3.212;19;0.045;-0.304;3.156
Frame219;3.721;0;-0.081;0.522;3.149;1;-0.081;0.572;3.212;2;-0.072;0.891;3.260;3;-0.095;1.091;3.259;4;-0.219;0.798;3.200;5;-0.274;0.534;3.197;6;-0.274;0.294;3.197;7;-0.278;0.234;3.179;8;0.065;0.802;3.227;9;0.217;0.577;3.275;10;0.187;0.380;3.184;11;0.194;0.292;3.197;12;-0.161;0.484;3.118;13;-0.101;0.065;3.180;14;-0.106;-0.267;3.229;15;-0.103;-0.314;3.179;16;-0.023;0.447;3.138;17;0.003;0.078;3.156;18;0.027;-0.261;3.219;19;0.041;-0.301;3.153
Frame220;3.738;0;-0.081;0.522;3.149;1;-0.081;0.572;3.212;2;-0.072;0.891;3.260;3;-0.095;1.091;3.259;4;-0.219;0.798;3.200;5;-0.274;0.534;3.197;6;-0.274;0.294;3.197;7;-0.278;0.234;3.179;8;0.065;0.802;3.227;9;0.217;0.577;3.275;10;0.187;0.380;3.184;11;0.194;0.292;3.197;12;-0.161;0.484;3.118;13;-0.101;0.065;3.180;14;-0.106;-0.267;3.229;15;-0.103;-0.314;3.179;16;-0.023;0.447;3.138;17;0.003;0.078;3.156;18;0.027;-0.261;3.219;19;0.041;-0.301;3.153
Frame221;3.754;0;-0.052;0.528;3.141;1;-0.065;0.576;3.205;2;-0.073;0.899;3.261;3;-0.092;1.095;3.262;4;-0.219;0.801;3.198;5;-0.280;0.538;3.203;6;-0.273;0.318;3.175;7;-0.282;0.258;3.157;8;0.071;0.798;3.232;9;0.211;0.570;3.276;10;0.187;0.375;3.184;11;0.193;0.286;3.193;12;-0.123;0.489;3.091;13;-0.101;0.074;3.180;14;-0.106;-0.268;3.236;15;-0.104;-0.337;3.225;16;0.018;0.440;3.143;17;0.002;0.077;3.164;18;0.026;-0.262;3.229;19;0.039;-0.300;3.154
Frame222;3.771;0;-0.052;0.528;3.141;1;-0.065;0.576;3.205;2;-0.073;0.899;3.261;3;-0.092;1.095;3.262;4;-0.219;0.801;3.198;5;-0.280;0.538;3.203;6;-0.273;0.318;3.175;7;-0.282;0.258;3.157;8;0.071;0.798;3.232;9;0.211;0.570;3.276;10;0.187;0.375;3.184;11;0.193;0.286;3.193;12;-0.123;0.489;3.091;13;-0.101;0.074;3.180;14;-0.106;-0.268;3.236;15;-0.104;-0.337;3.225;16;0.018;0.440;3.143;17;0.002;0.077;3.164;18;0.026;-0.262;3.229;19;0.039;-0.300;3.154
Frame223;3.788;0;-0.055;0.533;3.137;1;-0.065;0.579;3.203;2;-0.073;0.905;3.262;3;-0.089;1.097;3.264;4;-0.219;0.801;3.197;5;-0.283;0.526;3.199;6;-0.292;0.312;3.179;7;-0.297;0.235;3.165;8;0.074;0.796;3.235;9;0.198;0.562;3.272;10;0.186;0.365;3.189;11;0.191;0.288;3.194;12;-0.126;0.495;3.085;13;-0.102;0.076;3.183;14;-0.106;-0.269;3.241;15;-0.099;-0.315;3.194;16;0.018;0.440;3.138;17;0.000;0.075;3.173;18;0.024;-0.263;3.235;19;0.044;-0.320;3.201
Frame224;3.805;0;-0.055;0.533;3.137;1;-0.065;0.579;3.203;2;-0.073;0.905;3.262;3;-0.089;1.097;3.264;4;-0.219;0.801;3.197;5;-0.283;0.526;3.199;6;-0.292;0.312;3.179;7;-0.297;0.235;3.165;8;0.074;0.796;3.235;9;0.198;0.562;3.272;10;0.186;0.365;3.189;11;0.191;0.288;3.194;12;-0.126;0.495;3.085;13;-0.102;0.076;3.183;14;-0.106;-0.269;3.241;15;-0.099;-0.315;3.194;16;0.018;0.440;3.138;17;0.000;0.075;3.173;18;0.024;-0.263;3.235;19;0.044;-0.320;3.201
Frame225;3.822;0;-0.049;0.535;3.137;1;-0.063;0.581;3.202;2;-0.074;0.908;3.263;3;-0.087;1.099;3.265;4;-0.221;0.798;3.197;5;-0.290;0.518;3.204;6;-0.300;0.308;3.172;7;-0.300;0.271;3.163;8;0.074;0.794;3.235;9;0.183;0.553;3.267;10;0.186;0.355;3.192;11;0.185;0.295;3.186;12;-0.106;0.494;3.092;13;-0.104;0.077;3.185;14;-0.106;-0.269;3.245;15;-0.103;-0.329;3.219;16;0.029;0.447;3.137;17;-0.002;0.072;3.182;18;0.022;-0.263;3.241;19;0.029;-0.334;3.225
Frame226;3.839;0;-0.049;0.535;3.137;1;-0.063;0.581;3.202;2;-0.074;0.908;3.263;3;-0.087;1.099;3.265;4;-0.221;0.798;3.197;5;-0.290;0.518;3.204;6;-0.300;0.308;3.172;7;-0.300;0.271;3.163;8;0.074;0.794;3.235;9;0.183;0.553;3.267;10;0.186;0.355;3.192;11;0.185;0.295;3.186;12;-0.106;0.494;3.092;13;-0.104;0.077;3.185;14;-0.106;-0.269;3.245;15;-0.103;-0.329;3.219;16;0.029;0.447;3.137;17;-0.002;0.072;3.182;18;0.022;-0.263;3.241;19;0.029;-0.334;3.225
Frame227;3.856;0;-0.046;0.538;3.140;1;-0.062;0.583;3.203;2;-0.074;0.911;3.265;3;-0.086;1.100;3.266;4;-0.222;0.798;3.198;5;-0.303;0.547;3.220;6;-0.306;0.342;3.165;7;-0.303;0.290;3.160;8;0.076;0.796;3.238;9;0.174;0.545;3.265;10;0.186;0.346;3.192;11;0.183;0.296;3.184;12;-0.104;0.496;3.105;13;-0.106;0.076;3.186;14;-0.106;-0.268;3.248;15;-0.104;-0.333;3.227;16;0.033;0.450;3.138;17;-0.003;0.070;3.188;18;0.018;-0.263;3.245;19;0.023;-0.339;3.236
Frame228;3.873;0;-0.046;0.538;3.140;1;-0.062;0.583;3.203;2;-0.074;0.911;3.265;3;-0.086;1.100;3.266;4;-0.222;0.798;3.198;5;-0.303;0.547;3.220;6;-0.306;0.342;3.165;7;-0.303;0.290;3.160;8;0.076;0.796;3.238;9;0.174;0.545;3.265;10;0.186;0.346;3.192;11;0.183;0.296;3.184;12;-0.104;0.496;3.105;13;-0.106;0.076;3.186;14;-0.106;-0.268;3.248;15;-0.104;-0.333;3.227;16;0.033;0.450;3.138;17;-0.003;0.070;3.188;18;0.018;-0.263;3.245;19;0.023;-0.339;3.236
Frame229;3.890;0;-0.077;0.528;3.143;1;-0.078;0.578;3.205;2;-0.074;0.912;3.265;3;-0.079;1.100;3.269;4;-0.222;0.797;3.198;5;-0.309;0.557;3.227;6;-0.310;0.356;3.159;7;-0.310;0.301;3.154;8;0.080;0.791;3.241;9;0.168;0.534;3.263;10;0.186;0.334;3.189;11;0.182;0.297;3.182;12;-0.143;0.488;3.118;13;-0.109;0.075;3.187;14;-0.107;-0.268;3.250;15;-0.105;-0.336;3.232;16;-0.004;0.438;3.130;17;-0.002;0.068;3.192;18;0.016;-0.263;3.248;19;0.023;-0.342;3.243
Frame230;3.907;0;-0.077;0.528;3.143;1;-0.078;0.578;3.205;2;-0.074;0.912;3.265;3;-0.079;1.100;3.269;4;-0.222;0.797;3.198;5;-0.309;0.557;3.227;6;-0.310;0.356;3.159;7;-0.310;0.301;3.154;8;0.080;0.791;3.241;9;0.168;0.534;3.263;10;0.186;0.334;3.189;11;0.182;0.297;3.182;12;-0.143;0.488;3.118;13;-0.109;0.075;3.187;14;-0.107;-0.268;3.250;15;-0.105;-0.336;3.232;16;-0.004;0.438;3.130;17;-0.002;0.068;3.192;18;0.016;-0.263;3.248;19;0.023;-0.342;3.243
Frame231;3.924;0;-0.081;0.529;3.143;1;-0.081;0.578;3.205;2;-0.073;0.913;3.266;3;-0.074;1.101;3.271;4;-0.222;0.796;3.198;5;-0.312;0.562;3.231;6;-0.342;0.373;3.149;7;-0.335;0.299;3.136;8;0.082;0.791;3.242;9;0.165;0.530;3.262;10;0.185;0.329;3.188;11;0.181;0.297;3.181;12;-0.150;0.490;3.118;13;-0.111;0.075;3.187;14;-0.107;-0.268;3.251;15;-0.105;-0.338;3.235;16;-0.009;0.439;3.127;17;-0.002;0.067;3.195;18;0.015;-0.263;3.250;19;0.023;-0.344;3.247
Frame232;3.940;0;-0.081;0.529;3.143;1;-0.081;0.578;3.205;2;-0.073;0.913;3.266;3;-0.074;1.101;3.271;4;-0.222;0.796;3.198;5;-0.312;0.562;3.231;6;-0.342;0.373;3.149;7;-0.335;0.299;3.136;8;0.082;0.791;3.242;9;0.165;0.530;3.262;10;0.185;0.329;3.188;11;0.181;0.297;3.181;12;-0.150;0.490;3.118;13;-0.111;0.075;3.187;14;-0.107;-0.268;3.251;15;-0.105;-0.338;3.235;16;-0.009;0.439;3.127;17;-0.002;0.067;3.195;18;0.015;-0.263;3.250;19;0.023;-0.344;3.247
Frame233;3.957;0;-0.085;0.529;3.143;1;-0.084;0.579;3.205;2;-0.072;0.914;3.266;3;-0.070;1.101;3.272;4;-0.218;0.793;3.195;5;-0.314;0.566;3.233;6;-0.356;0.380;3.144;7;-0.367;0.311;3.120;8;0.085;0.790;3.245;9;0.163;0.527;3.261;10;0.185;0.325;3.188;11;0.180;0.296;3.181;12;-0.157;0.490;3.117;13;-0.115;0.071;3.187;14;-0.110;-0.233;3.250;15;-0.099;-0.274;3.188;16;-0.019;0.441;3.127;17;-0.002;0.066;3.196;18;0.014;-0.263;3.251;19;0.033;-0.340;3.247
Frame234;3.974;0;-0.085;0.529;3.143;1;-0.084;0.579;3.205;2;-0.072;0.914;3.266;3;-0.070;1.101;3.272;4;-0.218;0.793;3.195;5;-0.314;0.566;3.233;6;-0.356;0.380;3.144;7;-0.367;0.311;3.120;8;0.085;0.790;3.245;9;0.163;0.527;3.261;10;0.185;0.325;3.188;11;0.180;0.296;3.181;12;-0.157;0.490;3.117;13;-0.115;0.071;3.187;14;-0.110;-0.233;3.250;15;-0.099;-0.274;3.188;16;-0.019;0.441;3.127;17;-0.002;0.066;3.196;18;0.014;-0.263;3.251;19;0.033;-0.340;3.247
Frame235;3.991;0;-0.087;0.529;3.143;1;-0.086;0.579;3.205;2;-0.070;0.915;3.267;3;-0.067;1.101;3.273;4;-0.217;0.791;3.194;5;-0.315;0.568;3.235;6;-0.367;0.384;3.140;7;-0.377;0.324;3.119;8;0.087;0.790;3.247;9;0.161;0.525;3.260;10;0.186;0.322;3.189;11;0.183;0.261;3.173;12;-0.160;0.490;3.116;13;-0.117;0.072;3.186;14;-0.110;-0.238;3.253;15;-0.107;-0.311;3.215;16;-0.022;0.445;3.126;17;-0.002;0.066;3.197;18;0.013;-0.263;3.252;19;0.040;-0.338;3.246
Frame236;4.008;0;-0.087;0.529;3.143;1;-0.086;0.579;3.205;2;-0.070;0.915;3.267;3;-0.067;1.101;3.273;4;-0.217;0.791;3.194;5;-0.315;0.568;3.235;6;-0.367;0.384;3.140;7;-0.377;0.324;3.119;8;0.087;0.790;3.247;9;0.161;0.525;3.260;10;0.186;0.322;3.189;11;0.183;0.261;3.173;12;-0.160;0.490;3.116;13;-0.117;0.072;3.186;14;-0.110;-0.238;3.253;15;-0.107;-0.311;3.215;16;-0.022;0.445;3.126;17;-0.002;0.066;3.197;18;0.013;-0.263;3.252;19;0.040;-0.338;3.246
Frame237;4.025;0;-0.089;0.530;3.143;1;-0.087;0.579;3.205;2;-0.067;0.915;3.267;3;-0.065;1.101;3.274;4;-0.216;0.789;3.193;5;-0.317;0.570;3.236;6;-0.373;0.388;3.139;7;-0.383;0.334;3.120;8;0.070;0.783;3.231;9;0.161;0.523;3.260;10;0.186;0.320;3.189;11;0.180;0.273;3.175;12;-0.163;0.490;3.116;13;-0.118;0.072;3.185;14;-0.110;-0.245;3.254;15;-0.108;-0.327;3.227;16;-0.027;0.450;3.127;17;-0.003;0.066;3.197;18;0.013;-0.264;3.253;19;0.033;-0.312;3.197
Frame238;4.043;0;-0.089;0.530;3.143;1;-0.087;0.579;3.205;2;-0.067;0.915;3.267;3;-0.065;1.101;3.274;4;-0.216;0.789;3.193;5;-0.317;0.570;3.236;6;-0.373;0.388;3.139;7;-0.383;0.334;3.120;8;0.070;0.783;3.231;9;0.161;0.523;3.260;10;0.186;0.320;3.189;11;0.180;0.273;3.175;12;-0.163;0.490;3.116;13;-0.118;0.072;3.185;14;-0.110;-0.245;3.254;15;-0.108;-0.327;3.227;16;-0.027;0.450;3.127;17;-0.003;0.066;3.197;18;0.013;-0.264;3.253;19;0.033;-0.312;3.197
Frame239;4.059;0;-0.088;0.532;3.142;1;-0.087;0.580;3.204;2;-0.065;0.915;3.267;3;-0.064;1.101;3.274;4;-0.214;0.788;3.192;5;-0.318;0.572;3.237;6;-0.377;0.390;3.138;7;-0.386;0.339;3.121;8;0.069;0.781;3.227;9;0.162;0.522;3.260;10;0.186;0.319;3.188;11;0.178;0.268;3.172;12;-0.160;0.489;3.113;13;-0.120;0.072;3.185;14;-0.109;-0.248;3.255;15;-0.108;-0.331;3.230;16;-0.024;0.458;3.123;17;-0.003;0.066;3.196;18;0.013;-0.264;3.253;19;0.025;-0.318;3.200
Frame240;4.076;0;-0.088;0.532;3.142;1;-0.087;0.580;3.204;2;-0.065;0.915;3.267;3;-0.064;1.101;3.274;4;-0.214;0.788;3.192;5;-0.318;0.572;3.237;6;-0.377;0.390;3.138;7;-0.386;0.339;3.121;8;0.069;0.781;3.227;9;0.162;0.522;3.260;10;0.186;0.319;3.188;11;0.178;0.268;3.172;12;-0.160;0.489;3.113;13;-0.120;0.072;3.185;14;-0.109;-0.248;3.255;15;-0.108;-0.331;3.230;16;-0.024;0.458;3.123;17;-0.003;0.066;3.196;18;0.013;-0.264;3.253;19;0.025;-0.318;3.200
Frame241;4.093;0;-0.045;0.537;3.148;1;-0.052;0.583;3.210;2;-0.063;0.915;3.268;3;-0.057;1.101;3.274;4;-0.213;0.787;3.192;5;-0.318;0.573;3.238;6;-0.380;0.391;3.137;7;-0.386;0.346;3.125;8;0.073;0.775;3.225;9;0.163;0.521;3.260;10;0.186;0.318;3.187;11;0.176;0.264;3.168;12;-0.109;0.483;3.114;13;-0.121;0.072;3.185;14;-0.110;-0.251;3.256;15;-0.107;-0.335;3.234;16;0.024;0.472;3.133;17;-0.005;0.066;3.195;18;0.012;-0.264;3.253;19;0.013;-0.328;3.211
Frame242;4.110;0;-0.045;0.537;3.148;1;-0.052;0.583;3.210;2;-0.063;0.915;3.268;3;-0.057;1.101;3.274;4;-0.213;0.787;3.192;5;-0.318;0.573;3.238;6;-0.380;0.391;3.137;7;-0.386;0.346;3.125;8;0.073;0.775;3.225;9;0.163;0.521;3.260;10;0.186;0.318;3.187;11;0.176;0.264;3.168;12;-0.109;0.483;3.114;13;-0.121;0.072;3.185;14;-0.110;-0.251;3.256;15;-0.107;-0.335;3.234;16;0.024;0.472;3.133;17;-0.005;0.066;3.195;18;0.012;-0.264;3.253;19;0.013;-0.328;3.211
Frame243;4.128;0;-0.054;0.541;3.141;1;-0.059;0.585;3.206;2;-0.062;0.915;3.269;3;-0.052;1.100;3.274;4;-0.212;0.786;3.192;5;-0.319;0.574;3.238;6;-0.377;0.390;3.136;7;-0.385;0.351;3.128;8;0.074;0.773;3.224;9;0.164;0.521;3.260;10;0.188;0.318;3.187;11;0.177;0.273;3.168;12;-0.122;0.486;3.109;13;-0.121;0.072;3.184;14;-0.110;-0.254;3.257;15;-0.108;-0.338;3.236;16;0.010;0.474;3.120;17;-0.005;0.066;3.195;18;0.012;-0.264;3.253;19;0.034;-0.327;3.221
Frame244;4.145;0;-0.054;0.541;3.141;1;-0.059;0.585;3.206;2;-0.062;0.915;3.269;3;-0.052;1.100;3.274;4;-0.212;0.786;3.192;5;-0.319;0.574;3.238;6;-0.377;0.390;3.136;7;-0.385;0.351;3.128;8;0.074;0.773;3.224;9;0.164;0.521;3.260;10;0.188;0.318;3.187;11;0.177;0.273;3.168;12;-0.122;0.486;3.109;13;-0.121;0.072;3.184;14;-0.110;-0.254;3.257;15;-0.108;-0.338;3.236;16;0.010;0.474;3.120;17;-0.005;0.066;3.195;18;0.012;-0.264;3.253;19;0.034;-0.327;3.221
Frame245;4.161;0;-0.061;0.543;3.137;1;-0.065;0.587;3.203;2;-0.060;0.915;3.269;3;-0.048;1.100;3.274;4;-0.211;0.786;3.192;5;-0.318;0.574;3.238;6;-0.375;0.389;3.135;7;-0.381;0.351;3.129;8;0.076;0.771;3.224;9;0.164;0.521;3.260;10;0.190;0.319;3.187;11;0.178;0.279;3.162;12;-0.133;0.490;3.105;13;-0.122;0.072;3.184;14;-0.110;-0.256;3.257;15;-0.109;-0.340;3.238;16;0.005;0.476;3.114;17;-0.006;0.066;3.194;18;0.011;-0.264;3.253;19;0.036;-0.327;3.222
Frame246;4.179;0;-0.061;0.543;3.137;1;-0.065;0.587;3.203;2;-0.060;0.915;3.269;3;-0.048;1.100;3.274;4;-0.211;0.786;3.192;5;-0.318;0.574;3.238;6;-0.375;0.389;3.135;7;-0.381;0.351;3.129;8;0.076;0.771;3.224;9;0.164;0.521;3.260;10;0.190;0.319;3.187;11;0.178;0.279;3.162;12;-0.133;0.490;3.105;13;-0.122;0.072;3.184;14;-0.110;-0.256;3.257;15;-0.109;-0.340;3.238;16;0.005;0.476;3.114;17;-0.006;0.066;3.194;18;0.011;-0.264;3.253;19;0.036;-0.327;3.222
Frame247;4.196;0;-0.066;0.544;3.135;1;-0.069;0.587;3.201;2;-0.059;0.915;3.270;3;-0.045;1.100;3.275;4;-0.211;0.785;3.193;5;-0.317;0.573;3.238;6;-0.373;0.387;3.136;7;-0.377;0.317;3.123;8;0.078;0.770;3.224;9;0.165;0.521;3.260;10;0.190;0.320;3.186;11;0.179;0.283;3.160;12;-0.140;0.492;3.104;13;-0.122;0.072;3.184;14;-0.110;-0.258;3.257;15;-0.109;-0.341;3.239;16;-0.001;0.475;3.112;17;-0.006;0.066;3.194;18;0.011;-0.264;3.253;19;0.040;-0.327;3.223
Frame248;4.212;0;-0.066;0.544;3.135;1;-0.069;0.587;3.201;2;-0.059;0.915;3.270;3;-0.045;1.100;3.275;4;-0.211;0.785;3.193;5;-0.317;0.573;3.238;6;-0.373;0.387;3.136;7;-0.377;0.317;3.123;8;0.078;0.770;3.224;9;0.165;0.521;3.260;10;0.190;0.320;3.186;11;0.179;0.283;3.160;12;-0.140;0.492;3.104;13;-0.122;0.072;3.184;14;-0.110;-0.258;3.257;15;-0.109;-0.341;3.239;16;-0.001;0.475;3.112;17;-0.006;0.066;3.194;18;0.011;-0.264;3.253;19;0.040;-0.327;3.223
Frame249;4.229;0;-0.072;0.544;3.135;1;-0.074;0.587;3.201;2;-0.059;0.915;3.270;3;-0.043;1.100;3.275;4;-0.210;0.784;3.195;5;-0.316;0.570;3.239;6;-0.368;0.379;3.141;7;-0.373;0.309;3.123;8;0.081;0.772;3.227;9;0.165;0.522;3.260;10;0.191;0.321;3.185;11;0.183;0.291;3.161;12;-0.150;0.492;3.109;13;-0.122;0.070;3.185;14;-0.110;-0.259;3.258;15;-0.109;-0.342;3.241;16;-0.007;0.472;3.111;17;-0.006;0.065;3.193;18;0.020;-0.259;3.251;19;0.041;-0.327;3.224
Frame250;4.246;0;-0.072;0.544;3.135;1;-0.074;0.587;3.201;2;-0.059;0.915;3.270;3;-0.043;1.100;3.275;4;-0.210;0.784;3.195;5;-0.316;0.570;3.239;6;-0.368;0.379;3.141;7;-0.373;0.309;3.123;8;0.081;0.772;3.227;9;0.165;0.522;3.260;10;0.191;0.321;3.185;11;0.183;0.291;3.161;12;-0.150;0.492;3.109;13;-0.122;0.070;3.185;14;-0.110;-0.259;3.258;15;-0.109;-0.342;3.241;16;-0.007;0.472;3.111;17;-0.006;0.065;3.193;18;0.020;-0.259;3.251;19;0.041;-0.327;3.224
Frame251;4.263;0;-0.075;0.544;3.135;1;-0.076;0.587;3.201;2;-0.058;0.914;3.271;3;-0.042;1.100;3.275;4;-0.209;0.784;3.198;5;-0.314;0.566;3.240;6;-0.356;0.369;3.147;7;-0.358;0.302;3.126;8;0.083;0.773;3.230;9;0.166;0.524;3.261;10;0.195;0.325;3.186;11;0.187;0.299;3.164;12;-0.153;0.492;3.111;13;-0.122;0.068;3.185;14;-0.110;-0.261;3.258;15;-0.110;-0.343;3.241;16;-0.010;0.471;3.110;17;-0.006;0.065;3.193;18;0.022;-0.257;3.249;19;0.042;-0.327;3.225
Frame252;4.280;0;-0.075;0.544;3.135;1;-0.076;0.587;3.201;2;-0.058;0.914;3.271;3;-0.042;1.100;3.275;4;-0.209;0.784;3.198;5;-0.314;0.566;3.240;6;-0.356;0.369;3.147;7;-0.358;0.302;3.126;8;0.083;0.773;3.230;9;0.166;0.524;3.261;10;0.195;0.325;3.186;11;0.187;0.299;3.164;12;-0.153;0.492;3.111;13;-0.122;0.068;3.185;14;-0.110;-0.261;3.258;15;-0.110;-0.343;3.241;16;-0.010;0.471;3.110;17;-0.006;0.065;3.193;18;0.022;-0.257;3.249;19;0.042;-0.327;3.225
Frame253;4.297;0;-0.078;0.544;3.135;1;-0.078;0.587;3.201;2;-0.058;0.914;3.272;3;-0.041;1.100;3.275;4;-0.209;0.784;3.201;5;-0.312;0.562;3.242;6;-0.349;0.361;3.152;7;-0.348;0.285;3.124;8;0.085;0.775;3.232;9;0.166;0.526;3.261;10;0.198;0.328;3.187;11;0.198;0.277;3.158;12;-0.158;0.494;3.111;13;-0.122;0.068;3.186;14;-0.110;-0.262;3.258;15;-0.110;-0.344;3.242;16;-0.013;0.469;3.111;17;-0.007;0.063;3.193;18;0.023;-0.256;3.249;19;0.037;-0.328;3.226
Frame254;4.313;0;-0.078;0.544;3.135;1;-0.078;0.587;3.201;2;-0.058;0.914;3.272;3;-0.041;1.100;3.275;4;-0.209;0.784;3.201;5;-0.312;0.562;3.242;6;-0.349;0.361;3.152;7;-0.348;0.285;3.124;8;0.085;0.775;3.232;9;0.166;0.526;3.261;10;0.198;0.328;3.187;11;0.198;0.277;3.158;12;-0.158;0.494;3.111;13;-0.122;0.068;3.186;14;-0.110;-0.262;3.258;15;-0.110;-0.344;3.242;16;-0.013;0.469;3.111;17;-0.007;0.063;3.193;18;0.023;-0.256;3.249;19;0.037;-0.328;3.226
Frame255;4.330;0;-0.082;0.544;3.135;1;-0.081;0.587;3.201;2;-0.058;0.914;3.273;3;-0.041;1.100;3.275;4;-0.209;0.784;3.203;5;-0.311;0.562;3.243;6;-0.344;0.361;3.157;7;-0.343;0.281;3.125;8;0.086;0.777;3.235;9;0.167;0.529;3.262;10;0.199;0.330;3.187;11;0.206;0.266;3.158;12;-0.162;0.496;3.111;13;-0.120;0.067;3.186;14;-0.110;-0.263;3.258;15;-0.110;-0.344;3.242;16;-0.025;0.471;3.109;17;-0.007;0.062;3.193;18;0.023;-0.256;3.248;19;0.038;-0.329;3.227
Frame256;4.347;0;-0.082;0.544;3.135;1;-0.081;0.587;3.201;2;-0.058;0.914;3.273;3;-0.041;1.100;3.275;4;-0.209;0.784;3.203;5;-0.311;0.562;3.243;6;-0.344;0.361;3.157;7;-0.343;0.281;3.125;8;0.086;0.777;3.235;9;0.167;0.529;3.262;10;0.199;0.330;3.187;11;0.206;0.266;3.158;12;-0.162;0.496;3.111;13;-0.120;0.067;3.186;14;-0.110;-0.263;3.258;15;-0.110;-0.344;3.242;16;-0.025;0.471;3.109;17;-0.007;0.062;3.193;18;0.023;-0.256;3.248;19;0.038;-0.329;3.227
Frame257;4.364;0;-0.083;0.544;3.135;1;-0.082;0.587;3.201;2;-0.058;0.913;3.273;3;-0.041;1.100;3.275;4;-0.208;0.781;3.203;5;-0.307;0.551;3.244;6;-0.342;0.354;3.158;7;-0.340;0.269;3.123;8;0.090;0.777;3.239;9;0.167;0.532;3.263;10;0.200;0.333;3.187;11;0.208;0.280;3.165;12;-0.160;0.493;3.109;13;-0.119;0.067;3.186;14;-0.110;-0.264;3.258;15;-0.110;-0.344;3.241;16;-0.017;0.473;3.113;17;-0.007;0.062;3.193;18;0.022;-0.256;3.247;19;0.036;-0.330;3.227
Frame258;4.381;0;-0.083;0.544;3.135;1;-0.082;0.587;3.201;2;-0.058;0.913;3.273;3;-0.041;1.100;3.275;4;-0.208;0.781;3.203;5;-0.307;0.551;3.244;6;-0.342;0.354;3.158;7;-0.340;0.269;3.123;8;0.090;0.777;3.239;9;0.167;0.532;3.263;10;0.200;0.333;3.187;11;0.208;0.280;3.165;12;-0.160;0.493;3.109;13;-0.119;0.067;3.186;14;-0.110;-0.264;3.258;15;-0.110;-0.344;3.241;16;-0.017;0.473;3.113;17;-0.007;0.062;3.193;18;0.022;-0.256;3.247;19;0.036;-0.330;3.227
Frame259;4.398;0;-0.076;0.542;3.141;1;-0.077;0.586;3.204;2;-0.057;0.913;3.274;3;-0.041;1.100;3.276;4;-0.208;0.779;3.204;5;-0.306;0.546;3.245;6;-0.339;0.350;3.158;7;-0.330;0.279;3.136;8;0.090;0.777;3.239;9;0.168;0.533;3.263;10;0.200;0.334;3.185;11;0.209;0.289;3.169;12;-0.144;0.487;3.113;13;-0.118;0.065;3.187;14;-0.110;-0.264;3.258;15;-0.110;-0.344;3.241;16;-0.005;0.472;3.121;17;-0.005;0.063;3.191;18;0.021;-0.257;3.247;19;0.036;-0.330;3.226
Frame260;4.415;0;-0.076;0.542;3.141;1;-0.077;0.586;3.204;2;-0.057;0.913;3.274;3;-0.041;1.100;3.276;4;-0.208;0.779;3.204;5;-0.306;0.546;3.245;6;-0.339;0.350;3.158;7;-0.330;0.279;3.136;8;0.090;0.777;3.239;9;0.168;0.533;3.263;10;0.200;0.334;3.185;11;0.209;0.289;3.169;12;-0.144;0.487;3.113;13;-0.118;0.065;3.187;14;-0.110;-0.264;3.258;15;-0.110;-0.344;3.241;16;-0.005;0.472;3.121;17;-0.005;0.063;3.191;18;0.021;-0.257;3.247;19;0.036;-0.330;3.226
Frame261;4.432;0;-0.069;0.541;3.144;1;-0.073;0.585;3.207;2;-0.057;0.913;3.275;3;-0.042;1.101;3.276;4;-0.208;0.778;3.206;5;-0.305;0.543;3.245;6;-0.338;0.348;3.158;7;-0.325;0.285;3.143;8;0.091;0.777;3.240;9;0.168;0.533;3.264;10;0.200;0.335;3.183;11;0.207;0.293;3.172;12;-0.135;0.484;3.115;13;-0.116;0.059;3.189;14;-0.110;-0.265;3.259;15;-0.107;-0.344;3.239;16;0.003;0.472;3.126;17;-0.004;0.063;3.191;18;0.018;-0.258;3.247;19;0.036;-0.330;3.225
Frame262;4.449;0;-0.069;0.541;3.144;1;-0.073;0.585;3.207;2;-0.057;0.913;3.275;3;-0.042;1.101;3.276;4;-0.208;0.778;3.206;5;-0.305;0.543;3.245;6;-0.338;0.348;3.158;7;-0.325;0.285;3.143;8;0.091;0.777;3.240;9;0.168;0.533;3.264;10;0.200;0.335;3.183;11;0.207;0.293;3.172;12;-0.135;0.484;3.115;13;-0.116;0.059;3.189;14;-0.110;-0.265;3.259;15;-0.107;-0.344;3.239;16;0.003;0.472;3.126;17;-0.004;0.063;3.191;18;0.018;-0.258;3.247;19;0.036;-0.330;3.225
Frame263;4.466;0;-0.066;0.540;3.146;1;-0.071;0.585;3.208;2;-0.058;0.913;3.275;3;-0.043;1.101;3.276;4;-0.208;0.777;3.207;5;-0.305;0.540;3.246;6;-0.336;0.346;3.157;7;-0.322;0.289;3.149;8;0.092;0.776;3.241;9;0.168;0.533;3.264;10;0.200;0.336;3.182;11;0.205;0.297;3.176;12;-0.131;0.483;3.115;13;-0.115;0.055;3.190;14;-0.110;-0.266;3.259;15;-0.106;-0.343;3.238;16;0.008;0.473;3.130;17;-0.003;0.063;3.190;18;0.015;-0.259;3.247;19;0.040;-0.328;3.225
Frame264;4.483;0;-0.067;0.541;3.146;1;-0.072;0.585;3.209;2;-0.059;0.912;3.277;3;-0.043;1.101;3.276;4;-0.207;0.776;3.207;5;-0.304;0.539;3.246;6;-0.335;0.345;3.156;7;-0.321;0.282;3.153;8;0.094;0.779;3.250;9;0.169;0.534;3.264;10;0.200;0.336;3.182;11;0.204;0.300;3.179;12;-0.134;0.484;3.113;13;-0.114;0.054;3.190;14;-0.110;-0.266;3.259;15;-0.105;-0.343;3.237;16;0.002;0.476;3.129;17;0.002;0.059;3.191;18;0.016;-0.260;3.247;19;0.043;-0.328;3.223
Frame265;4.500;0;-0.067;0.541;3.146;1;-0.072;0.585;3.209;2;-0.059;0.912;3.277;3;-0.043;1.101;3.276;4;-0.207;0.776;3.207;5;-0.304;0.539;3.246;6;-0.335;0.345;3.156;7;-0.321;0.282;3.153;8;0.094;0.779;3.250;9;0.169;0.534;3.264;10;0.200;0.336;3.182;11;0.204;0.300;3.179;12;-0.134;0.484;3.113;13;-0.114;0.054;3.190;14;-0.110;-0.266;3.259;15;-0.105;-0.343;3.237;16;0.002;0.476;3.129;17;0.002;0.059;3.191;18;0.016;-0.260;3.247;19;0.043;-0.328;3.223
Frame266;4.517;0;-0.068;0.543;3.146;1;-0.074;0.586;3.209;2;-0.060;0.911;3.278;3;-0.044;1.101;3.276;4;-0.207;0.776;3.207;5;-0.304;0.548;3.248;6;-0.334;0.353;3.158;7;-0.323;0.281;3.154;8;0.095;0.780;3.256;9;0.169;0.534;3.264;10;0.200;0.335;3.182;11;0.203;0.301;3.181;12;-0.141;0.487;3.106;13;-0.113;0.053;3.190;14;-0.110;-0.266;3.259;15;-0.104;-0.342;3.236;16;0.000;0.479;3.131;17;0.003;0.058;3.191;18;0.016;-0.260;3.247;19;0.045;-0.328;3.223
Frame267;4.534;0;-0.068;0.543;3.146;1;-0.074;0.586;3.209;2;-0.060;0.911;3.278;3;-0.044;1.101;3.276;4;-0.207;0.776;3.207;5;-0.304;0.548;3.248;6;-0.334;0.353;3.158;7;-0.323;0.281;3.154;8;0.095;0.780;3.256;9;0.169;0.534;3.264;10;0.200;0.335;3.182;11;0.203;0.301;3.181;12;-0.141;0.487;3.106;13;-0.113;0.053;3.190;14;-0.110;-0.266;3.259;15;-0.104;-0.342;3.236;16;0.000;0.479;3.131;17;0.003;0.058;3.191;18;0.016;-0.260;3.247;19;0.045;-0.328;3.223
Frame268;4.550;0;-0.068;0.543;3.146;1;-0.074;0.586;3.209;2;-0.060;0.911;3.278;3;-0.044;1.101;3.276;4;-0.207;0.776;3.207;5;-0.304;0.548;3.248;6;-0.334;0.353;3.158;7;-0.323;0.281;3.154;8;0.095;0.780;3.256;9;0.169;0.534;3.264;10;0.200;0.335;3.182;11;0.203;0.301;3.181;12;-0.141;0.487;3.106;13;-0.113;0.053;3.190;14;-0.110;-0.266;3.259;15;-0.104;-0.342;3.236;16;0.000;0.479;3.131;17;0.003;0.058;3.191;18;0.016;-0.260;3.247;19;0.045;-0.328;3.223
Frame269;4.567;0;-0.072;0.545;3.145;1;-0.076;0.587;3.209;2;-0.061;0.910;3.279;3;-0.045;1.101;3.276;4;-0.204;0.780;3.209;5;-0.303;0.553;3.249;6;-0.333;0.357;3.159;7;-0.325;0.281;3.153;8;0.096;0.782;3.259;9;0.169;0.534;3.264;10;0.200;0.335;3.182;11;0.202;0.303;3.183;12;-0.155;0.487;3.113;13;-0.113;0.053;3.190;14;-0.110;-0.266;3.259;15;-0.104;-0.342;3.236;16;-0.016;0.490;3.101;17;0.003;0.058;3.191;18;0.016;-0.261;3.248;19;0.046;-0.328;3.223
Frame270;4.584;0;-0.075;0.547;3.144;1;-0.078;0.588;3.208;2;-0.062;0.910;3.280;3;-0.046;1.101;3.276;4;-0.203;0.782;3.211;5;-0.303;0.555;3.249;6;-0.333;0.359;3.160;7;-0.328;0.280;3.151;8;0.096;0.783;3.262;9;0.169;0.535;3.264;10;0.200;0.336;3.183;11;0.202;0.304;3.185;12;-0.160;0.492;3.100;13;-0.112;0.055;3.189;14;-0.110;-0.266;3.259;15;-0.103;-0.342;3.235;16;-0.025;0.484;3.116;17;0.004;0.058;3.191;18;0.016;-0.261;3.248;19;0.046;-0.328;3.223
Frame271;4.601;0;-0.075;0.547;3.144;1;-0.078;0.588;3.208;2;-0.062;0.910;3.280;3;-0.046;1.101;3.276;4;-0.203;0.782;3.211;5;-0.303;0.555;3.249;6;-0.333;0.359;3.160;7;-0.328;0.280;3.151;8;0.096;0.783;3.262;9;0.169;0.535;3.264;10;0.200;0.336;3.183;11;0.202;0.304;3.185;12;-0.160;0.492;3.100;13;-0.112;0.055;3.189;14;-0.110;-0.266;3.259;15;-0.103;-0.342;3.235;16;-0.025;0.484;3.116;17;0.004;0.058;3.191;18;0.016;-0.261;3.248;19;0.046;-0.328;3.223
Frame272;4.617;0;-0.075;0.547;3.144;1;-0.078;0.588;3.208;2;-0.062;0.910;3.280;3;-0.046;1.101;3.276;4;-0.203;0.782;3.211;5;-0.303;0.555;3.249;6;-0.333;0.359;3.160;7;-0.328;0.280;3.151;8;0.096;0.783;3.262;9;0.169;0.535;3.264;10;0.200;0.336;3.183;11;0.202;0.304;3.185;12;-0.160;0.492;3.100;13;-0.112;0.055;3.189;14;-0.110;-0.266;3.259;15;-0.103;-0.342;3.235;16;-0.025;0.484;3.116;17;0.004;0.058;3.191;18;0.016;-0.261;3.248;19;0.046;-0.328;3.223
Frame273;4.634;0;-0.079;0.550;3.143;1;-0.082;0.590;3.207;2;-0.063;0.909;3.281;3;-0.048;1.100;3.275;4;-0.203;0.782;3.211;5;-0.303;0.556;3.250;6;-0.333;0.359;3.160;7;-0.332;0.277;3.148;8;0.096;0.783;3.263;9;0.170;0.536;3.264;10;0.200;0.337;3.183;11;0.202;0.305;3.185;12;-0.164;0.496;3.096;13;-0.112;0.058;3.187;14;-0.110;-0.267;3.259;15;-0.103;-0.342;3.235;16;-0.031;0.486;3.117;17;0.005;0.058;3.191;18;0.015;-0.261;3.248;19;0.043;-0.329;3.223
Frame274;4.651;0;-0.083;0.551;3.141;1;-0.084;0.591;3.206;2;-0.063;0.909;3.282;3;-0.051;1.100;3.275;4;-0.203;0.782;3.211;5;-0.305;0.550;3.249;6;-0.335;0.355;3.158;7;-0.339;0.266;3.138;8;0.090;0.780;3.258;9;0.170;0.536;3.264;10;0.200;0.337;3.184;11;0.202;0.305;3.186;12;-0.166;0.497;3.087;13;-0.112;0.059;3.187;14;-0.110;-0.267;3.259;15;-0.103;-0.342;3.235;16;-0.035;0.480;3.122;17;0.006;0.056;3.191;18;0.015;-0.262;3.248;19;0.043;-0.330;3.224
Frame275;4.668;0;-0.083;0.551;3.141;1;-0.084;0.591;3.206;2;-0.063;0.909;3.282;3;-0.051;1.100;3.275;4;-0.203;0.782;3.211;5;-0.305;0.550;3.249;6;-0.335;0.355;3.158;7;-0.339;0.266;3.138;8;0.090;0.780;3.258;9;0.170;0.536;3.264;10;0.200;0.337;3.184;11;0.202;0.305;3.186;12;-0.166;0.497;3.087;13;-0.112;0.059;3.187;14;-0.110;-0.267;3.259;15;-0.103;-0.342;3.235;16;-0.035;0.480;3.122;17;0.006;0.056;3.191;18;0.015;-0.262;3.248;19;0.043;-0.330;3.224
Frame276;4.684;0;-0.083;0.551;3.143;1;-0.085;0.591;3.207;2;-0.063;0.909;3.282;3;-0.054;1.099;3.275;4;-0.204;0.782;3.211;5;-0.306;0.548;3.250;6;-0.336;0.353;3.155;7;-0.342;0.262;3.133;8;0.087;0.780;3.257;9;0.170;0.536;3.264;10;0.201;0.336;3.185;11;0.202;0.306;3.187;12;-0.162;0.495;3.092;13;-0.112;0.060;3.186;14;-0.110;-0.267;3.259;15;-0.104;-0.342;3.234;16;-0.024;0.469;3.146;17;0.007;0.056;3.191;18;0.014;-0.262;3.248;19;0.045;-0.328;3.223
Frame277;4.701;0;-0.083;0.551;3.143;1;-0.085;0.591;3.207;2;-0.063;0.909;3.282;3;-0.054;1.099;3.275;4;-0.204;0.782;3.211;5;-0.306;0.548;3.250;6;-0.336;0.353;3.155;7;-0.342;0.262;3.133;8;0.087;0.780;3.257;9;0.170;0.536;3.264;10;0.201;0.336;3.185;11;0.202;0.306;3.187;12;-0.162;0.495;3.092;13;-0.112;0.060;3.186;14;-0.110;-0.267;3.259;15;-0.104;-0.342;3.234;16;-0.024;0.469;3.146;17;0.007;0.056;3.191;18;0.014;-0.262;3.248;19;0.045;-0.328;3.223
Frame278;4.718;0;-0.083;0.551;3.143;1;-0.085;0.591;3.207;2;-0.063;0.909;3.282;3;-0.054;1.099;3.275;4;-0.204;0.782;3.211;5;-0.306;0.548;3.250;6;-0.336;0.353;3.155;7;-0.342;0.262;3.133;8;0.087;0.780;3.257;9;0.170;0.536;3.264;10;0.201;0.336;3.185;11;0.202;0.306;3.187;12;-0.162;0.495;3.092;13;-0.112;0.060;3.186;14;-0.110;-0.267;3.259;15;-0.104;-0.342;3.234;16;-0.024;0.469;3.146;17;0.007;0.056;3.191;18;0.014;-0.262;3.248;19;0.045;-0.328;3.223
Frame279;4.735;0;-0.084;0.551;3.144;1;-0.086;0.591;3.207;2;-0.063;0.909;3.282;3;-0.056;1.099;3.275;4;-0.205;0.781;3.212;5;-0.306;0.546;3.250;6;-0.337;0.352;3.154;7;-0.344;0.260;3.130;8;0.085;0.778;3.254;9;0.170;0.536;3.264;10;0.201;0.336;3.185;11;0.202;0.306;3.187;12;-0.159;0.495;3.094;13;-0.112;0.060;3.188;14;-0.110;-0.268;3.260;15;-0.105;-0.342;3.234;16;-0.029;0.471;3.143;17;0.007;0.056;3.191;18;0.013;-0.262;3.249;19;0.046;-0.327;3.224
Frame280;4.752;0;-0.079;0.545;3.146;1;-0.083;0.589;3.209;2;-0.063;0.909;3.283;3;-0.057;1.099;3.275;4;-0.207;0.781;3.212;5;-0.307;0.544;3.250;6;-0.338;0.351;3.153;7;-0.345;0.259;3.129;8;0.084;0.777;3.252;9;0.170;0.536;3.264;10;0.201;0.336;3.185;11;0.202;0.307;3.187;12;-0.139;0.464;3.119;13;-0.113;0.057;3.189;14;-0.110;-0.268;3.260;15;-0.108;-0.343;3.235;16;-0.008;0.472;3.131;17;0.007;0.057;3.190;18;0.012;-0.263;3.249;19;0.046;-0.329;3.226
Frame281;4.768;0;-0.079;0.545;3.146;1;-0.083;0.589;3.209;2;-0.063;0.909;3.283;3;-0.057;1.099;3.275;4;-0.207;0.781;3.212;5;-0.307;0.544;3.250;6;-0.338;0.351;3.153;7;-0.345;0.259;3.129;8;0.084;0.777;3.252;9;0.170;0.536;3.264;10;0.201;0.336;3.185;11;0.202;0.307;3.187;12;-0.139;0.464;3.119;13;-0.113;0.057;3.189;14;-0.110;-0.268;3.260;15;-0.108;-0.343;3.235;16;-0.008;0.472;3.131;17;0.007;0.057;3.190;18;0.012;-0.263;3.249;19;0.046;-0.329;3.226
Frame282;4.785;0;-0.076;0.541;3.147;1;-0.082;0.587;3.210;2;-0.063;0.909;3.283;3;-0.060;1.098;3.275;4;-0.208;0.780;3.213;5;-0.308;0.541;3.251;6;-0.339;0.348;3.152;7;-0.339;0.282;3.140;8;0.083;0.777;3.252;9;0.170;0.538;3.265;10;0.201;0.337;3.186;11;0.202;0.307;3.187;12;-0.132;0.451;3.127;13;-0.114;0.056;3.189;14;-0.110;-0.268;3.260;15;-0.110;-0.343;3.236;16;-0.002;0.477;3.127;17;0.008;0.057;3.190;18;0.012;-0.263;3.249;19;0.051;-0.324;3.224
Frame283;4.802;0;-0.076;0.541;3.147;1;-0.082;0.587;3.210;2;-0.063;0.909;3.283;3;-0.060;1.098;3.275;4;-0.208;0.780;3.213;5;-0.308;0.541;3.251;6;-0.339;0.348;3.152;7;-0.339;0.282;3.140;8;0.083;0.777;3.252;9;0.170;0.538;3.265;10;0.201;0.337;3.186;11;0.202;0.307;3.187;12;-0.132;0.451;3.127;13;-0.114;0.056;3.189;14;-0.110;-0.268;3.260;15;-0.110;-0.343;3.236;16;-0.002;0.477;3.127;17;0.008;0.057;3.190;18;0.012;-0.263;3.249;19;0.051;-0.324;3.224
Frame284;4.819;0;-0.076;0.541;3.147;1;-0.082;0.587;3.210;2;-0.063;0.909;3.283;3;-0.060;1.098;3.275;4;-0.208;0.780;3.213;5;-0.308;0.541;3.251;6;-0.339;0.348;3.152;7;-0.339;0.282;3.140;8;0.083;0.777;3.252;9;0.170;0.538;3.265;10;0.201;0.337;3.186;11;0.202;0.307;3.187;12;-0.132;0.451;3.127;13;-0.114;0.056;3.189;14;-0.110;-0.268;3.260;15;-0.110;-0.343;3.236;16;-0.002;0.477;3.127;17;0.008;0.057;3.190;18;0.012;-0.263;3.249;19;0.051;-0.324;3.224
Frame285;4.835;0;-0.074;0.539;3.147;1;-0.080;0.585;3.211;2;-0.063;0.909;3.283;3;-0.061;1.098;3.276;4;-0.210;0.778;3.213;5;-0.308;0.539;3.251;6;-0.339;0.347;3.151;7;-0.341;0.293;3.143;8;0.082;0.778;3.252;9;0.170;0.539;3.265;10;0.202;0.338;3.187;11;0.202;0.307;3.187;12;-0.129;0.445;3.130;13;-0.114;0.056;3.189;14;-0.110;-0.268;3.260;15;-0.111;-0.344;3.236;16;0.002;0.481;3.124;17;0.008;0.058;3.190;18;0.012;-0.264;3.250;19;0.051;-0.324;3.222
Frame286;4.852;0;-0.073;0.534;3.147;1;-0.079;0.582;3.211;2;-0.064;0.909;3.284;3;-0.063;1.098;3.276;4;-0.211;0.777;3.213;5;-0.309;0.539;3.251;6;-0.340;0.347;3.151;7;-0.337;0.311;3.152;8;0.078;0.777;3.249;9;0.168;0.536;3.260;10;0.204;0.336;3.187;11;0.202;0.307;3.186;12;-0.127;0.440;3.132;13;-0.115;0.055;3.188;14;-0.110;-0.268;3.260;15;-0.111;-0.343;3.235;16;0.002;0.482;3.122;17;0.008;0.058;3.189;18;0.012;-0.264;3.250;19;0.051;-0.323;3.222
Frame287;4.869;0;-0.073;0.534;3.147;1;-0.079;0.582;3.211;2;-0.064;0.909;3.284;3;-0.063;1.098;3.276;4;-0.211;0.777;3.213;5;-0.309;0.539;3.251;6;-0.340;0.347;3.151;7;-0.337;0.311;3.152;8;0.078;0.777;3.249;9;0.168;0.536;3.260;10;0.204;0.336;3.187;11;0.202;0.307;3.186;12;-0.127;0.440;3.132;13;-0.115;0.055;3.188;14;-0.110;-0.268;3.260;15;-0.111;-0.343;3.235;16;0.002;0.482;3.122;17;0.008;0.058;3.189;18;0.012;-0.264;3.250;19;0.051;-0.323;3.222
Frame288;4.886;0;-0.074;0.533;3.148;1;-0.079;0.581;3.212;2;-0.064;0.909;3.284;3;-0.064;1.098;3.276;4;-0.212;0.776;3.213;5;-0.309;0.539;3.252;6;-0.340;0.347;3.151;7;-0.346;0.298;3.146;8;0.078;0.775;3.250;9;0.167;0.534;3.258;10;0.206;0.334;3.188;11;0.203;0.307;3.186;12;-0.134;0.441;3.129;13;-0.115;0.055;3.188;14;-0.110;-0.268;3.260;15;-0.112;-0.342;3.233;16;-0.002;0.484;3.125;17;0.008;0.058;3.189;18;0.012;-0.264;3.250;19;0.051;-0.323;3.222
Frame289;4.903;0;-0.074;0.533;3.148;1;-0.079;0.581;3.212;2;-0.064;0.909;3.284;3;-0.064;1.098;3.276;4;-0.212;0.776;3.213;5;-0.309;0.539;3.252;6;-0.340;0.347;3.151;7;-0.346;0.298;3.146;8;0.078;0.775;3.250;9;0.167;0.534;3.258;10;0.206;0.334;3.188;11;0.203;0.307;3.186;12;-0.134;0.441;3.129;13;-0.115;0.055;3.188;14;-0.110;-0.268;3.260;15;-0.112;-0.342;3.233;16;-0.002;0.484;3.125;17;0.008;0.058;3.189;18;0.012;-0.264;3.250;19;0.051;-0.323;3.222
Frame290;4.920;0;-0.074;0.532;3.149;1;-0.079;0.580;3.212;2;-0.064;0.909;3.284;3;-0.064;1.098;3.277;4;-0.214;0.775;3.214;5;-0.310;0.542;3.253;6;-0.341;0.349;3.153;7;-0.351;0.291;3.143;8;0.080;0.774;3.253;9;0.167;0.533;3.256;10;0.207;0.332;3.188;11;0.202;0.307;3.186;12;-0.140;0.442;3.127;13;-0.115;0.055;3.188;14;-0.110;-0.268;3.260;15;-0.112;-0.341;3.231;16;-0.003;0.485;3.126;17;0.004;0.060;3.189;18;0.012;-0.264;3.251;19;0.051;-0.324;3.223
Frame291;4.937;0;-0.074;0.532;3.149;1;-0.079;0.580;3.212;2;-0.064;0.909;3.284;3;-0.064;1.098;3.277;4;-0.214;0.775;3.214;5;-0.310;0.542;3.253;6;-0.341;0.349;3.153;7;-0.351;0.291;3.143;8;0.080;0.774;3.253;9;0.167;0.533;3.256;10;0.207;0.332;3.188;11;0.202;0.307;3.186;12;-0.140;0.442;3.127;13;-0.115;0.055;3.188;14;-0.110;-0.268;3.260;15;-0.112;-0.341;3.231;16;-0.003;0.485;3.126;17;0.004;0.060;3.189;18;0.012;-0.264;3.251;19;0.051;-0.324;3.223
Frame292;4.954;0;-0.074;0.531;3.149;1;-0.080;0.579;3.213;2;-0.064;0.909;3.285;3;-0.065;1.098;3.277;4;-0.215;0.775;3.214;5;-0.310;0.543;3.253;6;-0.341;0.350;3.154;7;-0.354;0.285;3.140;8;0.083;0.774;3.257;9;0.166;0.533;3.256;10;0.207;0.331;3.188;11;0.203;0.307;3.184;12;-0.144;0.446;3.123;13;-0.115;0.055;3.188;14;-0.110;-0.268;3.260;15;-0.111;-0.340;3.228;16;-0.004;0.485;3.126;17;0.005;0.059;3.190;18;0.012;-0.264;3.250;19;0.049;-0.325;3.225
Frame293;4.971;0;-0.074;0.531;3.149;1;-0.080;0.579;3.213;2;-0.064;0.909;3.285;3;-0.065;1.098;3.277;4;-0.215;0.775;3.214;5;-0.310;0.543;3.253;6;-0.341;0.350;3.154;7;-0.354;0.285;3.140;8;0.083;0.774;3.257;9;0.166;0.533;3.256;10;0.207;0.331;3.188;11;0.203;0.307;3.184;12;-0.144;0.446;3.123;13;-0.115;0.055;3.188;14;-0.110;-0.268;3.260;15;-0.111;-0.340;3.228;16;-0.004;0.485;3.126;17;0.005;0.059;3.190;18;0.012;-0.264;3.250;19;0.049;-0.325;3.225
Frame294;4.988;0;-0.074;0.531;3.150;1;-0.080;0.579;3.213;2;-0.064;0.909;3.285;3;-0.065;1.098;3.277;4;-0.215;0.774;3.215;5;-0.310;0.543;3.254;6;-0.341;0.351;3.154;7;-0.343;0.304;3.156;8;0.082;0.774;3.258;9;0.166;0.532;3.255;10;0.208;0.331;3.188;11;0.203;0.307;3.182;12;-0.146;0.448;3.121;13;-0.116;0.055;3.188;14;-0.110;-0.268;3.260;15;-0.111;-0.340;3.227;16;-0.005;0.486;3.127;17;0.005;0.058;3.190;18;0.012;-0.264;3.250;19;0.048;-0.327;3.227
Frame295;5.005;0;-0.074;0.531;3.150;1;-0.080;0.579;3.213;2;-0.064;0.909;3.285;3;-0.065;1.098;3.277;4;-0.215;0.774;3.215;5;-0.310;0.543;3.254;6;-0.341;0.351;3.154;7;-0.343;0.304;3.156;8;0.082;0.774;3.258;9;0.166;0.532;3.255;10;0.208;0.331;3.188;11;0.203;0.307;3.182;12;-0.146;0.448;3.121;13;-0.116;0.055;3.188;14;-0.110;-0.268;3.260;15;-0.111;-0.340;3.227;16;-0.005;0.486;3.127;17;0.005;0.058;3.190;18;0.012;-0.264;3.250;19;0.048;-0.327;3.227
Frame296;5.022;0;-0.074;0.531;3.150;1;-0.079;0.579;3.213;2;-0.064;0.909;3.285;3;-0.065;1.098;3.278;4;-0.215;0.774;3.215;5;-0.310;0.544;3.254;6;-0.342;0.352;3.154;7;-0.338;0.314;3.162;8;0.082;0.774;3.259;9;0.166;0.532;3.255;10;0.209;0.331;3.188;11;0.204;0.307;3.180;12;-0.147;0.449;3.120;13;-0.116;0.056;3.187;14;-0.110;-0.268;3.259;15;-0.111;-0.339;3.226;16;-0.005;0.487;3.128;17;0.005;0.058;3.190;18;0.012;-0.264;3.250;19;0.048;-0.327;3.227
Frame297;5.039;0;-0.074;0.531;3.150;1;-0.079;0.579;3.213;2;-0.064;0.909;3.285;3;-0.065;1.098;3.278;4;-0.215;0.774;3.215;5;-0.310;0.544;3.254;6;-0.342;0.352;3.154;7;-0.338;0.314;3.162;8;0.082;0.774;3.259;9;0.166;0.532;3.255;10;0.209;0.331;3.188;11;0.204;0.307;3.180;12;-0.147;0.449;3.120;13;-0.116;0.056;3.187;14;-0.110;-0.268;3.259;15;-0.111;-0.339;3.226;16;-0.005;0.487;3.128;17;0.005;0.058;3.190;18;0.012;-0.264;3.250;19;0.048;-0.327;3.227
Frame298;5.056;0;-0.076;0.532;3.150;1;-0.080;0.579;3.214;2;-0.064;0.909;3.285;3;-0.066;1.098;3.278;4;-0.216;0.774;3.215;5;-0.310;0.544;3.254;6;-0.342;0.352;3.154;7;-0.334;0.319;3.165;8;0.062;0.808;3.261;9;0.162;0.543;3.255;10;0.210;0.342;3.192;11;0.210;0.293;3.173;12;-0.148;0.451;3.119;13;-0.117;0.057;3.186;14;-0.109;-0.268;3.259;15;-0.110;-0.340;3.227;16;-0.013;0.490;3.129;17;0.005;0.058;3.190;18;0.012;-0.264;3.250;19;0.041;-0.329;3.226
Frame299;5.073;0;-0.076;0.532;3.150;1;-0.080;0.579;3.214;2;-0.064;0.909;3.285;3;-0.066;1.098;3.278;4;-0.216;0.774;3.215;5;-0.310;0.544;3.254;6;-0.342;0.352;3.154;7;-0.334;0.319;3.165;8;0.062;0.808;3.261;9;0.162;0.543;3.255;10;0.210;0.342;3.192;11;0.210;0.293;3.173;12;-0.148;0.451;3.119;13;-0.117;0.057;3.186;14;-0.109;-0.268;3.259;15;-0.110;-0.340;3.227;16;-0.013;0.490;3.129;17;0.005;0.058;3.190;18;0.012;-0.264;3.250;19;0.041;-0.329;3.226
Frame300;5.090;0;-0.078;0.533;3.151;1;-0.081;0.579;3.214;2;-0.065;0.909;3.286;3;-0.066;1.098;3.278;4;-0.217;0.776;3.220;5;-0.310;0.543;3.254;6;-0.342;0.351;3.154;7;-0.330;0.323;3.167;8;0.072;0.809;3.258;9;0.163;0.544;3.255;10;0.210;0.342;3.193;11;0.211;0.292;3.172;12;-0.150;0.454;3.120;13;-0.117;0.058;3.186;14;-0.109;-0.268;3.258;15;-0.106;-0.314;3.190;16;-0.018;0.493;3.130;17;0.005;0.058;3.190;18;0.012;-0.263;3.250;19;0.042;-0.328;3.225
Frame301;5.108;0;-0.078;0.533;3.151;1;-0.081;0.579;3.214;2;-0.065;0.909;3.286;3;-0.066;1.098;3.278;4;-0.217;0.776;3.220;5;-0.310;0.543;3.254;6;-0.342;0.351;3.154;7;-0.330;0.323;3.167;8;0.072;0.809;3.258;9;0.163;0.544;3.255;10;0.210;0.342;3.193;11;0.211;0.292;3.172;12;-0.150;0.454;3.120;13;-0.117;0.058;3.186;14;-0.109;-0.268;3.258;15;-0.106;-0.314;3.190;16;-0.018;0.493;3.130;17;0.005;0.058;3.190;18;0.012;-0.263;3.250;19;0.042;-0.328;3.225
Frame302;5.124;0;-0.080;0.534;3.151;1;-0.082;0.580;3.215;2;-0.065;0.909;3.286;3;-0.066;1.098;3.278;4;-0.218;0.778;3.222;5;-0.310;0.542;3.253;6;-0.342;0.350;3.153;7;-0.333;0.324;3.164;8;0.078;0.797;3.255;9;0.163;0.543;3.255;10;0.210;0.341;3.193;11;0.212;0.291;3.171;12;-0.152;0.456;3.120;13;-0.117;0.058;3.186;14;-0.109;-0.268;3.258;15;-0.103;-0.301;3.173;16;-0.022;0.494;3.131;17;0.002;0.058;3.189;18;0.012;-0.263;3.250;19;0.042;-0.328;3.225
Frame303;5.141;0;-0.080;0.534;3.151;1;-0.082;0.580;3.215;2;-0.065;0.909;3.286;3;-0.066;1.098;3.278;4;-0.218;0.778;3.222;5;-0.310;0.542;3.253;6;-0.342;0.350;3.153;7;-0.333;0.324;3.164;8;0.078;0.797;3.255;9;0.163;0.543;3.255;10;0.210;0.341;3.193;11;0.212;0.291;3.171;12;-0.152;0.456;3.120;13;-0.117;0.058;3.186;14;-0.109;-0.268;3.258;15;-0.103;-0.301;3.173;16;-0.022;0.494;3.131;17;0.002;0.058;3.189;18;0.012;-0.263;3.250;19;0.042;-0.328;3.225
Frame304;5.158;0;-0.083;0.535;3.152;1;-0.083;0.579;3.215;2;-0.066;0.909;3.286;3;-0.066;1.098;3.279;4;-0.219;0.778;3.223;5;-0.310;0.541;3.253;6;-0.343;0.348;3.153;7;-0.336;0.324;3.161;8;0.079;0.783;3.252;9;0.164;0.542;3.255;10;0.210;0.340;3.192;11;0.213;0.291;3.171;12;-0.154;0.457;3.121;13;-0.118;0.058;3.186;14;-0.109;-0.268;3.258;15;-0.109;-0.323;3.209;16;-0.026;0.493;3.131;17;0.000;0.059;3.188;18;0.012;-0.263;3.250;19;0.038;-0.331;3.225
Frame305;5.174;0;-0.083;0.535;3.152;1;-0.083;0.579;3.215;2;-0.066;0.909;3.286;3;-0.066;1.098;3.279;4;-0.219;0.778;3.223;5;-0.310;0.541;3.253;6;-0.343;0.348;3.153;7;-0.336;0.324;3.161;8;0.079;0.783;3.252;9;0.164;0.542;3.255;10;0.210;0.340;3.192;11;0.213;0.291;3.171;12;-0.154;0.457;3.121;13;-0.118;0.058;3.186;14;-0.109;-0.268;3.258;15;-0.109;-0.323;3.209;16;-0.026;0.493;3.131;17;0.000;0.059;3.188;18;0.012;-0.263;3.250;19;0.038;-0.331;3.225
Frame306;5.192;0;-0.084;0.535;3.153;1;-0.084;0.579;3.216;2;-0.066;0.909;3.287;3;-0.066;1.098;3.279;4;-0.219;0.778;3.224;5;-0.310;0.540;3.252;6;-0.343;0.347;3.153;7;-0.337;0.322;3.159;8;0.080;0.780;3.251;9;0.164;0.542;3.255;10;0.209;0.341;3.191;11;0.212;0.292;3.170;12;-0.155;0.457;3.123;13;-0.118;0.058;3.185;14;-0.109;-0.268;3.258;15;-0.110;-0.333;3.222;16;-0.027;0.494;3.132;17;-0.002;0.060;3.187;18;0.012;-0.263;3.250;19;0.031;-0.335;3.225
Frame307;5.209;0;-0.084;0.535;3.153;1;-0.084;0.579;3.216;2;-0.066;0.909;3.287;3;-0.066;1.098;3.279;4;-0.219;0.778;3.224;5;-0.310;0.540;3.252;6;-0.343;0.347;3.153;7;-0.337;0.322;3.159;8;0.080;0.780;3.251;9;0.164;0.542;3.255;10;0.209;0.341;3.191;11;0.212;0.292;3.170;12;-0.155;0.457;3.123;13;-0.118;0.058;3.185;14;-0.109;-0.268;3.258;15;-0.110;-0.333;3.222;16;-0.027;0.494;3.132;17;-0.002;0.060;3.187;18;0.012;-0.263;3.250;19;0.031;-0.335;3.225
Frame308;5.226;0;-0.086;0.535;3.153;1;-0.086;0.580;3.216;2;-0.067;0.909;3.287;3;-0.066;1.098;3.279;4;-0.216;0.781;3.226;5;-0.309;0.537;3.251;6;-0.346;0.344;3.153;7;-0.352;0.279;3.136;8;0.081;0.790;3.259;9;0.164;0.541;3.255;10;0.205;0.339;3.184;11;0.210;0.296;3.169;12;-0.156;0.459;3.124;13;-0.118;0.059;3.185;14;-0.109;-0.268;3.258;15;-0.103;-0.315;3.195;16;-0.029;0.494;3.132;17;-0.004;0.060;3.187;18;0.012;-0.263;3.249;19;0.023;-0.312;3.186
Frame309;5.242;0;-0.086;0.535;3.153;1;-0.086;0.580;3.216;2;-0.067;0.909;3.287;3;-0.066;1.098;3.279;4;-0.216;0.781;3.226;5;-0.309;0.537;3.251;6;-0.346;0.344;3.153;7;-0.352;0.279;3.136;8;0.081;0.790;3.259;9;0.164;0.541;3.255;10;0.205;0.339;3.184;11;0.210;0.296;3.169;12;-0.156;0.459;3.124;13;-0.118;0.059;3.185;14;-0.109;-0.268;3.258;15;-0.103;-0.315;3.195;16;-0.029;0.494;3.132;17;-0.004;0.060;3.187;18;0.012;-0.263;3.249;19;0.023;-0.312;3.186
Frame310;5.260;0;-0.083;0.533;3.154;1;-0.086;0.579;3.217;2;-0.067;0.908;3.287;3;-0.066;1.098;3.279;4;-0.213;0.782;3.224;5;-0.309;0.535;3.250;6;-0.349;0.342;3.153;7;-0.364;0.256;3.123;8;0.080;0.792;3.261;9;0.165;0.541;3.256;10;0.204;0.338;3.182;11;0.208;0.299;3.168;12;-0.147;0.455;3.125;13;-0.118;0.059;3.185;14;-0.109;-0.268;3.257;15;-0.103;-0.330;3.218;16;-0.018;0.488;3.138;17;-0.005;0.060;3.186;18;0.012;-0.263;3.249;19;0.006;-0.324;3.203
Frame311;5.277;0;-0.083;0.533;3.154;1;-0.086;0.579;3.217;2;-0.067;0.908;3.287;3;-0.066;1.098;3.279;4;-0.213;0.782;3.224;5;-0.309;0.535;3.250;6;-0.349;0.342;3.153;7;-0.364;0.256;3.123;8;0.080;0.792;3.261;9;0.165;0.541;3.256;10;0.204;0.338;3.182;11;0.208;0.299;3.168;12;-0.147;0.455;3.125;13;-0.118;0.059;3.185;14;-0.109;-0.268;3.257;15;-0.103;-0.330;3.218;16;-0.018;0.488;3.138;17;-0.005;0.060;3.186;18;0.012;-0.263;3.249;19;0.006;-0.324;3.203
Frame312;5.294;0;-0.083;0.534;3.155;1;-0.086;0.580;3.217;2;-0.068;0.909;3.288;3;-0.066;1.098;3.279;4;-0.217;0.783;3.225;5;-0.308;0.534;3.249;6;-0.351;0.341;3.153;7;-0.368;0.247;3.118;8;0.079;0.794;3.261;9;0.166;0.540;3.256;10;0.203;0.338;3.180;11;0.208;0.300;3.168;12;-0.146;0.456;3.126;13;-0.118;0.058;3.185;14;-0.109;-0.268;3.257;15;-0.102;-0.313;3.190;16;-0.018;0.490;3.138;17;-0.007;0.061;3.186;18;0.012;-0.263;3.249;19;0.000;-0.330;3.210
Frame313;5.311;0;-0.083;0.534;3.155;1;-0.086;0.580;3.217;2;-0.068;0.909;3.288;3;-0.066;1.098;3.279;4;-0.217;0.783;3.225;5;-0.308;0.534;3.249;6;-0.351;0.341;3.153;7;-0.368;0.247;3.118;8;0.079;0.794;3.261;9;0.166;0.540;3.256;10;0.203;0.338;3.180;11;0.208;0.300;3.168;12;-0.146;0.456;3.126;13;-0.118;0.058;3.185;14;-0.109;-0.268;3.257;15;-0.102;-0.313;3.190;16;-0.018;0.490;3.138;17;-0.007;0.061;3.186;18;0.012;-0.263;3.249;19;0.000;-0.330;3.210
Frame314;5.328;0;-0.082;0.535;3.155;1;-0.086;0.580;3.218;2;-0.068;0.909;3.288;3;-0.066;1.098;3.279;4;-0.218;0.783;3.225;5;-0.308;0.534;3.248;6;-0.352;0.340;3.154;7;-0.371;0.241;3.115;8;0.079;0.795;3.261;9;0.167;0.541;3.258;10;0.203;0.340;3.179;11;0.208;0.302;3.169;12;-0.146;0.456;3.126;13;-0.118;0.058;3.186;14;-0.109;-0.268;3.256;15;-0.112;-0.329;3.216;16;-0.017;0.490;3.138;17;-0.008;0.061;3.185;18;0.012;-0.263;3.249;19;0.007;-0.334;3.216
Frame315;5.345;0;-0.082;0.535;3.155;1;-0.086;0.580;3.218;2;-0.068;0.909;3.288;3;-0.066;1.098;3.279;4;-0.218;0.783;3.225;5;-0.308;0.534;3.248;6;-0.352;0.340;3.154;7;-0.371;0.241;3.115;8;0.079;0.795;3.261;9;0.167;0.541;3.258;10;0.203;0.340;3.179;11;0.208;0.302;3.169;12;-0.146;0.456;3.126;13;-0.118;0.058;3.186;14;-0.109;-0.268;3.256;15;-0.112;-0.329;3.216;16;-0.017;0.490;3.138;17;-0.008;0.061;3.185;18;0.012;-0.263;3.249;19;0.007;-0.334;3.216
Frame316;5.362;0;-0.083;0.535;3.155;1;-0.086;0.580;3.218;2;-0.068;0.909;3.288;3;-0.066;1.098;3.280;4;-0.217;0.778;3.222;5;-0.308;0.533;3.248;6;-0.353;0.339;3.155;7;-0.372;0.238;3.115;8;0.077;0.795;3.262;9;0.168;0.541;3.258;10;0.204;0.340;3.180;11;0.208;0.303;3.169;12;-0.146;0.456;3.127;13;-0.118;0.058;3.186;14;-0.109;-0.267;3.256;15;-0.112;-0.333;3.221;16;-0.018;0.491;3.138;17;-0.010;0.061;3.185;18;0.013;-0.264;3.249;19;0.024;-0.334;3.219
Frame317;5.378;0;-0.083;0.535;3.155;1;-0.086;0.580;3.218;2;-0.068;0.909;3.288;3;-0.066;1.098;3.280;4;-0.217;0.778;3.222;5;-0.308;0.533;3.248;6;-0.353;0.339;3.155;7;-0.372;0.238;3.115;8;0.077;0.795;3.262;9;0.168;0.541;3.258;10;0.204;0.340;3.180;11;0.208;0.303;3.169;12;-0.146;0.456;3.127;13;-0.118;0.058;3.186;14;-0.109;-0.267;3.256;15;-0.112;-0.333;3.221;16;-0.018;0.491;3.138;17;-0.010;0.061;3.185;18;0.013;-0.264;3.249;19;0.024;-0.334;3.219
Frame318;5.395;0;-0.083;0.534;3.155;1;-0.086;0.580;3.218;2;-0.068;0.908;3.289;3;-0.066;1.098;3.280;4;-0.217;0.775;3.219;5;-0.308;0.533;3.247;6;-0.353;0.339;3.155;7;-0.361;0.276;3.132;8;0.076;0.795;3.262;9;0.168;0.541;3.259;10;0.205;0.341;3.180;11;0.216;0.277;3.161;12;-0.149;0.455;3.125;13;-0.118;0.057;3.186;14;-0.109;-0.267;3.256;15;-0.113;-0.336;3.224;16;-0.021;0.486;3.140;17;-0.011;0.061;3.185;18;0.013;-0.264;3.249;19;0.027;-0.335;3.221
Frame319;5.412;0;-0.083;0.534;3.155;1;-0.086;0.580;3.218;2;-0.068;0.908;3.289;3;-0.066;1.098;3.280;4;-0.217;0.775;3.219;5;-0.308;0.533;3.247;6;-0.353;0.339;3.155;7;-0.361;0.276;3.132;8;0.076;0.795;3.262;9;0.168;0.541;3.259;10;0.205;0.341;3.180;11;0.216;0.277;3.161;12;-0.149;0.455;3.125;13;-0.118;0.057;3.186;14;-0.109;-0.267;3.256;15;-0.113;-0.336;3.224;16;-0.021;0.486;3.140;17;-0.011;0.061;3.185;18;0.013;-0.264;3.249;19;0.027;-0.335;3.221
Frame320;5.428;0;-0.084;0.534;3.156;1;-0.087;0.579;3.219;2;-0.069;0.908;3.289;3;-0.066;1.098;3.280;4;-0.215;0.778;3.221;5;-0.310;0.544;3.248;6;-0.351;0.348;3.160;7;-0.360;0.281;3.135;8;0.076;0.794;3.261;9;0.168;0.541;3.260;10;0.206;0.342;3.180;11;0.220;0.267;3.158;12;-0.149;0.454;3.125;13;-0.118;0.057;3.187;14;-0.109;-0.267;3.255;15;-0.113;-0.338;3.227;16;-0.022;0.484;3.141;17;-0.012;0.061;3.185;18;0.013;-0.264;3.249;19;0.031;-0.336;3.223
Frame321;5.446;0;-0.084;0.534;3.156;1;-0.087;0.579;3.219;2;-0.069;0.908;3.289;3;-0.066;1.098;3.280;4;-0.215;0.778;3.221;5;-0.310;0.544;3.248;6;-0.351;0.348;3.160;7;-0.360;0.281;3.135;8;0.076;0.794;3.261;9;0.168;0.541;3.260;10;0.206;0.342;3.180;11;0.220;0.267;3.158;12;-0.149;0.454;3.125;13;-0.118;0.057;3.187;14;-0.109;-0.267;3.255;15;-0.113;-0.338;3.227;16;-0.022;0.484;3.141;17;-0.012;0.061;3.185;18;0.013;-0.264;3.249;19;0.031;-0.336;3.223
Frame322;5.462;0;-0.084;0.534;3.156;1;-0.087;0.579;3.219;2;-0.070;0.908;3.289;3;-0.066;1.098;3.280;4;-0.215;0.779;3.222;5;-0.311;0.551;3.249;6;-0.351;0.354;3.162;7;-0.359;0.285;3.137;8;0.077;0.793;3.261;9;0.168;0.541;3.260;10;0.199;0.346;3.169;11;0.221;0.262;3.154;12;-0.150;0.456;3.125;13;-0.118;0.056;3.187;14;-0.109;-0.267;3.255;15;-0.113;-0.339;3.229;16;-0.022;0.483;3.141;17;-0.011;0.061;3.185;18;0.013;-0.264;3.249;19;0.033;-0.337;3.223
Frame323;5.479;0;-0.084;0.534;3.156;1;-0.087;0.579;3.219;2;-0.070;0.908;3.289;3;-0.066;1.098;3.280;4;-0.215;0.779;3.222;5;-0.311;0.551;3.249;6;-0.351;0.354;3.162;7;-0.359;0.285;3.137;8;0.077;0.793;3.261;9;0.168;0.541;3.260;10;0.199;0.346;3.169;11;0.221;0.262;3.154;12;-0.150;0.456;3.125;13;-0.118;0.056;3.187;14;-0.109;-0.267;3.255;15;-0.113;-0.339;3.229;16;-0.022;0.483;3.141;17;-0.011;0.061;3.185;18;0.013;-0.264;3.249;19;0.033;-0.337;3.223
Frame324;5.496;0;-0.084;0.535;3.156;1;-0.087;0.579;3.219;2;-0.070;0.908;3.290;3;-0.066;1.098;3.280;4;-0.213;0.779;3.220;5;-0.311;0.556;3.249;6;-0.350;0.358;3.163;7;-0.359;0.287;3.138;8;0.081;0.797;3.270;9;0.168;0.541;3.261;10;0.213;0.346;3.180;11;0.225;0.258;3.154;12;-0.149;0.469;3.124;13;-0.118;0.056;3.187;14;-0.109;-0.267;3.255;15;-0.113;-0.340;3.230;16;-0.023;0.482;3.141;17;-0.012;0.062;3.185;18;0.013;-0.264;3.248;19;0.036;-0.336;3.224
Frame325;5.513;0;-0.084;0.535;3.156;1;-0.087;0.579;3.219;2;-0.070;0.908;3.290;3;-0.066;1.098;3.280;4;-0.213;0.779;3.220;5;-0.311;0.556;3.249;6;-0.350;0.358;3.163;7;-0.359;0.287;3.138;8;0.081;0.797;3.270;9;0.168;0.541;3.261;10;0.213;0.346;3.180;11;0.225;0.258;3.154;12;-0.149;0.469;3.124;13;-0.118;0.056;3.187;14;-0.109;-0.267;3.255;15;-0.113;-0.340;3.230;16;-0.023;0.482;3.141;17;-0.012;0.062;3.185;18;0.013;-0.264;3.248;19;0.036;-0.336;3.224
Frame326;5.530;0;-0.083;0.538;3.154;1;-0.087;0.581;3.218;2;-0.070;0.908;3.290;3;-0.066;1.098;3.280;4;-0.212;0.779;3.220;5;-0.312;0.558;3.249;6;-0.351;0.360;3.165;7;-0.359;0.288;3.139;8;0.083;0.796;3.270;9;0.168;0.542;3.261;10;0.214;0.346;3.181;11;0.226;0.256;3.153;12;-0.149;0.478;3.122;13;-0.118;0.056;3.187;14;-0.109;-0.267;3.255;15;-0.113;-0.341;3.231;16;-0.019;0.484;3.135;17;-0.012;0.062;3.185;18;0.013;-0.263;3.248;19;0.036;-0.336;3.224
Frame327;5.547;0;-0.083;0.538;3.154;1;-0.087;0.581;3.218;2;-0.070;0.908;3.290;3;-0.066;1.098;3.280;4;-0.212;0.779;3.220;5;-0.312;0.558;3.249;6;-0.351;0.360;3.165;7;-0.359;0.288;3.139;8;0.083;0.796;3.270;9;0.168;0.542;3.261;10;0.214;0.346;3.181;11;0.226;0.256;3.153;12;-0.149;0.478;3.122;13;-0.118;0.056;3.187;14;-0.109;-0.267;3.255;15;-0.113;-0.341;3.231;16;-0.019;0.484;3.135;17;-0.012;0.062;3.185;18;0.013;-0.263;3.248;19;0.036;-0.336;3.224
Frame328;5.564;0;-0.082;0.541;3.153;1;-0.087;0.582;3.218;2;-0.071;0.908;3.290;3;-0.067;1.098;3.280;4;-0.213;0.779;3.220;5;-0.312;0.560;3.249;6;-0.352;0.362;3.166;7;-0.359;0.289;3.139;8;0.083;0.795;3.269;9;0.169;0.542;3.261;10;0.216;0.347;3.181;11;0.217;0.285;3.161;12;-0.149;0.484;3.122;13;-0.119;0.058;3.186;14;-0.109;-0.267;3.255;15;-0.113;-0.341;3.231;16;-0.016;0.486;3.131;17;-0.012;0.062;3.184;18;0.012;-0.263;3.248;19;0.040;-0.335;3.225
Frame329;5.581;0;-0.082;0.541;3.153;1;-0.087;0.582;3.218;2;-0.071;0.908;3.290;3;-0.067;1.098;3.280;4;-0.213;0.779;3.220;5;-0.312;0.560;3.249;6;-0.352;0.362;3.166;7;-0.359;0.289;3.139;8;0.083;0.795;3.269;9;0.169;0.542;3.261;10;0.216;0.347;3.181;11;0.217;0.285;3.161;12;-0.149;0.484;3.122;13;-0.119;0.058;3.186;14;-0.109;-0.267;3.255;15;-0.113;-0.341;3.231;16;-0.016;0.486;3.131;17;-0.012;0.062;3.184;18;0.012;-0.263;3.248;19;0.040;-0.335;3.225
Frame330;5.598;0;-0.083;0.543;3.152;1;-0.087;0.583;3.217;2;-0.071;0.907;3.290;3;-0.067;1.098;3.280;4;-0.215;0.773;3.219;5;-0.312;0.561;3.250;6;-0.353;0.363;3.167;7;-0.359;0.287;3.138;8;0.083;0.793;3.267;9;0.169;0.542;3.261;10;0.216;0.347;3.182;11;0.211;0.299;3.164;12;-0.163;0.490;3.130;13;-0.119;0.059;3.186;14;-0.109;-0.267;3.254;15;-0.114;-0.342;3.232;16;-0.016;0.487;3.125;17;-0.012;0.062;3.184;18;0.012;-0.263;3.248;19;0.046;-0.332;3.225
Frame331;5.615;0;-0.083;0.543;3.152;1;-0.087;0.583;3.217;2;-0.071;0.907;3.290;3;-0.067;1.098;3.280;4;-0.215;0.773;3.219;5;-0.312;0.561;3.250;6;-0.353;0.363;3.167;7;-0.359;0.287;3.138;8;0.083;0.793;3.267;9;0.169;0.542;3.261;10;0.216;0.347;3.182;11;0.211;0.299;3.164;12;-0.163;0.490;3.130;13;-0.119;0.059;3.186;14;-0.109;-0.267;3.254;15;-0.114;-0.342;3.232;16;-0.016;0.487;3.125;17;-0.012;0.062;3.184;18;0.012;-0.263;3.248;19;0.046;-0.332;3.225
Frame332;5.631;0;-0.079;0.545;3.154;1;-0.085;0.584;3.218;2;-0.071;0.907;3.290;3;-0.067;1.098;3.280;4;-0.217;0.771;3.219;5;-0.313;0.562;3.250;6;-0.354;0.364;3.168;7;-0.360;0.287;3.138;8;0.084;0.791;3.267;9;0.167;0.543;3.257;10;0.216;0.347;3.182;11;0.211;0.286;3.162;12;-0.149;0.492;3.141;13;-0.119;0.059;3.186;14;-0.109;-0.267;3.254;15;-0.104;-0.317;3.191;16;0.003;0.479;3.122;17;-0.012;0.062;3.184;18;0.015;-0.265;3.248;19;0.048;-0.333;3.225
Frame333;5.648;0;-0.079;0.545;3.154;1;-0.085;0.584;3.218;2;-0.071;0.907;3.290;3;-0.067;1.098;3.280;4;-0.217;0.771;3.219;5;-0.313;0.562;3.250;6;-0.354;0.364;3.168;7;-0.360;0.287;3.138;8;0.084;0.791;3.267;9;0.167;0.543;3.257;10;0.216;0.347;3.182;11;0.211;0.286;3.162;12;-0.149;0.492;3.141;13;-0.119;0.059;3.186;14;-0.109;-0.267;3.254;15;-0.104;-0.317;3.191;16;0.003;0.479;3.122;17;-0.012;0.062;3.184;18;0.015;-0.265;3.248;19;0.048;-0.333;3.225
Frame334;5.665;0;-0.083;0.547;3.152;1;-0.087;0.586;3.217;2;-0.072;0.907;3.291;3;-0.067;1.098;3.280;4;-0.217;0.770;3.219;5;-0.313;0.562;3.251;6;-0.354;0.365;3.169;7;-0.360;0.286;3.138;8;0.081;0.780;3.256;9;0.167;0.543;3.256;10;0.215;0.347;3.181;11;0.211;0.277;3.158;12;-0.160;0.501;3.129;13;-0.128;0.059;3.183;14;-0.109;-0.228;3.247;15;-0.099;-0.261;3.159;16;-0.013;0.479;3.121;17;-0.012;0.062;3.184;18;0.016;-0.265;3.248;19;0.040;-0.337;3.226
Frame335;5.681;0;-0.083;0.547;3.152;1;-0.087;0.586;3.217;2;-0.072;0.907;3.291;3;-0.067;1.098;3.280;4;-0.217;0.770;3.219;5;-0.313;0.562;3.251;6;-0.354;0.365;3.169;7;-0.360;0.286;3.138;8;0.081;0.780;3.256;9;0.167;0.543;3.256;10;0.215;0.347;3.181;11;0.211;0.277;3.158;12;-0.160;0.501;3.129;13;-0.128;0.059;3.183;14;-0.109;-0.228;3.247;15;-0.099;-0.261;3.159;16;-0.013;0.479;3.121;17;-0.012;0.062;3.184;18;0.016;-0.265;3.248;19;0.040;-0.337;3.226
Frame336;5.698;0;-0.088;0.546;3.151;1;-0.090;0.586;3.216;2;-0.073;0.907;3.291;3;-0.067;1.098;3.281;4;-0.215;0.767;3.216;5;-0.314;0.560;3.250;6;-0.357;0.363;3.168;7;-0.359;0.293;3.139;8;0.080;0.777;3.254;9;0.166;0.543;3.256;10;0.211;0.347;3.178;11;0.210;0.271;3.156;12;-0.166;0.477;3.125;13;-0.127;0.054;3.185;14;-0.108;-0.235;3.246;15;-0.095;-0.263;3.150;16;-0.023;0.479;3.122;17;-0.012;0.062;3.184;18;0.016;-0.266;3.248;19;0.035;-0.339;3.228
Frame337;5.715;0;-0.088;0.546;3.151;1;-0.090;0.586;3.216;2;-0.073;0.907;3.291;3;-0.067;1.098;3.281;4;-0.215;0.767;3.216;5;-0.314;0.560;3.250;6;-0.357;0.363;3.168;7;-0.359;0.293;3.139;8;0.080;0.777;3.254;9;0.166;0.543;3.256;10;0.211;0.347;3.178;11;0.210;0.271;3.156;12;-0.166;0.477;3.125;13;-0.127;0.054;3.185;14;-0.108;-0.235;3.246;15;-0.095;-0.263;3.150;16;-0.023;0.479;3.122;17;-0.012;0.062;3.184;18;0.016;-0.266;3.248;19;0.035;-0.339;3.228
Frame338;5.732;0;-0.089;0.546;3.150;1;-0.091;0.586;3.216;2;-0.073;0.907;3.291;3;-0.067;1.098;3.280;4;-0.213;0.765;3.214;5;-0.315;0.558;3.250;6;-0.359;0.360;3.168;7;-0.362;0.285;3.136;8;0.079;0.776;3.253;9;0.166;0.544;3.255;10;0.209;0.347;3.177;11;0.209;0.268;3.154;12;-0.165;0.474;3.123;13;-0.126;0.052;3.186;14;-0.108;-0.243;3.246;15;-0.100;-0.315;3.204;16;-0.026;0.480;3.121;17;-0.011;0.062;3.184;18;0.016;-0.266;3.248;19;0.034;-0.340;3.228
Frame339;5.748;0;-0.089;0.546;3.150;1;-0.091;0.586;3.216;2;-0.073;0.907;3.291;3;-0.067;1.098;3.280;4;-0.213;0.765;3.214;5;-0.315;0.558;3.250;6;-0.359;0.360;3.168;7;-0.362;0.285;3.136;8;0.079;0.776;3.253;9;0.166;0.544;3.255;10;0.209;0.347;3.177;11;0.209;0.268;3.154;12;-0.165;0.474;3.123;13;-0.126;0.052;3.186;14;-0.108;-0.243;3.246;15;-0.100;-0.315;3.204;16;-0.026;0.480;3.121;17;-0.011;0.062;3.184;18;0.016;-0.266;3.248;19;0.034;-0.340;3.228
Frame340;5.766;0;-0.085;0.540;3.152;1;-0.090;0.584;3.216;2;-0.073;0.907;3.291;3;-0.067;1.098;3.280;4;-0.213;0.764;3.213;5;-0.316;0.555;3.249;6;-0.361;0.358;3.167;7;-0.359;0.294;3.136;8;0.078;0.775;3.252;9;0.166;0.545;3.255;10;0.207;0.348;3.176;11;0.205;0.288;3.161;12;-0.149;0.452;3.141;13;-0.126;0.052;3.186;14;-0.109;-0.247;3.247;15;-0.098;-0.327;3.219;16;-0.020;0.479;3.122;17;-0.011;0.062;3.184;18;0.017;-0.266;3.248;19;0.033;-0.341;3.228
Frame341;5.783;0;-0.085;0.540;3.152;1;-0.090;0.584;3.216;2;-0.073;0.907;3.291;3;-0.067;1.098;3.280;4;-0.213;0.764;3.213;5;-0.316;0.555;3.249;6;-0.361;0.358;3.167;7;-0.359;0.294;3.136;8;0.078;0.775;3.252;9;0.166;0.545;3.255;10;0.207;0.348;3.176;11;0.205;0.288;3.161;12;-0.149;0.452;3.141;13;-0.126;0.052;3.186;14;-0.109;-0.247;3.247;15;-0.098;-0.327;3.219;16;-0.020;0.479;3.122;17;-0.011;0.062;3.184;18;0.017;-0.266;3.248;19;0.033;-0.341;3.228
Frame342;5.800;0;-0.084;0.540;3.154;1;-0.090;0.585;3.217;2;-0.073;0.907;3.291;3;-0.067;1.098;3.280;4;-0.213;0.764;3.212;5;-0.317;0.555;3.249;6;-0.361;0.357;3.167;7;-0.359;0.292;3.134;8;0.078;0.776;3.253;9;0.166;0.545;3.255;10;0.207;0.348;3.176;11;0.204;0.298;3.165;12;-0.152;0.458;3.142;13;-0.126;0.052;3.186;14;-0.109;-0.251;3.248;15;-0.099;-0.340;3.234;16;-0.019;0.481;3.125;17;-0.012;0.062;3.184;18;0.018;-0.266;3.248;19;0.028;-0.342;3.230
Frame343;5.817;0;-0.084;0.540;3.154;1;-0.090;0.585;3.217;2;-0.073;0.907;3.291;3;-0.067;1.098;3.280;4;-0.213;0.764;3.212;5;-0.317;0.555;3.249;6;-0.361;0.357;3.167;7;-0.359;0.292;3.134;8;0.078;0.776;3.253;9;0.166;0.545;3.255;10;0.207;0.348;3.176;11;0.204;0.298;3.165;12;-0.152;0.458;3.142;13;-0.126;0.052;3.186;14;-0.109;-0.251;3.248;15;-0.099;-0.340;3.234;16;-0.019;0.481;3.125;17;-0.012;0.062;3.184;18;0.018;-0.266;3.248;19;0.028;-0.342;3.230
Frame344;5.833;0;-0.083;0.538;3.153;1;-0.089;0.584;3.216;2;-0.073;0.907;3.291;3;-0.067;1.098;3.280;4;-0.213;0.764;3.212;5;-0.323;0.585;3.261;6;-0.356;0.383;3.175;7;-0.357;0.302;3.137;8;0.062;0.770;3.247;9;0.166;0.545;3.255;10;0.206;0.348;3.176;11;0.204;0.304;3.169;12;-0.145;0.453;3.134;13;-0.125;0.051;3.186;14;-0.109;-0.255;3.248;15;-0.099;-0.346;3.240;16;-0.017;0.482;3.126;17;-0.012;0.062;3.184;18;0.018;-0.266;3.248;19;0.020;-0.343;3.232
Frame345;5.850;0;-0.083;0.538;3.153;1;-0.089;0.584;3.216;2;-0.073;0.907;3.291;3;-0.067;1.098;3.280;4;-0.213;0.764;3.212;5;-0.323;0.585;3.261;6;-0.356;0.383;3.175;7;-0.357;0.302;3.137;8;0.062;0.770;3.247;9;0.166;0.545;3.255;10;0.206;0.348;3.176;11;0.204;0.304;3.169;12;-0.145;0.453;3.134;13;-0.125;0.051;3.186;14;-0.109;-0.255;3.248;15;-0.099;-0.346;3.240;16;-0.017;0.482;3.126;17;-0.012;0.062;3.184;18;0.018;-0.266;3.248;19;0.020;-0.343;3.232
Frame346;5.867;0;-0.082;0.536;3.152;1;-0.088;0.583;3.216;2;-0.074;0.907;3.291;3;-0.067;1.098;3.281;4;-0.213;0.764;3.212;5;-0.321;0.573;3.262;6;-0.357;0.378;3.170;7;-0.361;0.292;3.131;8;0.061;0.768;3.246;9;0.166;0.545;3.254;10;0.205;0.348;3.175;11;0.210;0.284;3.164;12;-0.146;0.451;3.131;13;-0.124;0.049;3.187;14;-0.109;-0.258;3.249;15;-0.100;-0.322;3.198;16;-0.017;0.483;3.126;17;-0.012;0.062;3.184;18;0.017;-0.266;3.248;19;0.037;-0.332;3.226
Frame347;5.884;0;-0.082;0.536;3.152;1;-0.088;0.583;3.216;2;-0.074;0.907;3.291;3;-0.067;1.098;3.281;4;-0.213;0.764;3.212;5;-0.319;0.564;3.261;6;-0.358;0.372;3.165;7;-0.363;0.284;3.127;8;0.065;0.772;3.251;9;0.166;0.546;3.254;10;0.204;0.348;3.175;11;0.210;0.291;3.167;12;-0.147;0.450;3.129;13;-0.123;0.051;3.187;14;-0.110;-0.260;3.249;15;-0.099;-0.307;3.174;16;-0.016;0.485;3.127;17;-0.012;0.062;3.184;18;0.018;-0.266;3.248;19;0.044;-0.330;3.222
Frame348;5.900;0;-0.082;0.536;3.152;1;-0.088;0.583;3.216;2;-0.074;0.907;3.291;3;-0.067;1.098;3.281;4;-0.213;0.764;3.212;5;-0.319;0.564;3.261;6;-0.358;0.372;3.165;7;-0.363;0.284;3.127;8;0.065;0.772;3.251;9;0.166;0.546;3.254;10;0.204;0.348;3.175;11;0.210;0.291;3.167;12;-0.147;0.450;3.129;13;-0.123;0.051;3.187;14;-0.110;-0.260;3.249;15;-0.099;-0.307;3.174;16;-0.016;0.485;3.127;17;-0.012;0.062;3.184;18;0.018;-0.266;3.248;19;0.044;-0.330;3.222
Frame349;5.917;0;-0.082;0.536;3.152;1;-0.088;0.583;3.216;2;-0.074;0.907;3.291;3;-0.067;1.098;3.281;4;-0.213;0.764;3.212;5;-0.319;0.564;3.261;6;-0.358;0.372;3.165;7;-0.363;0.284;3.127;8;0.065;0.772;3.251;9;0.166;0.546;3.254;10;0.204;0.348;3.175;11;0.210;0.291;3.167;12;-0.147;0.450;3.129;13;-0.123;0.051;3.187;14;-0.110;-0.260;3.249;15;-0.099;-0.307;3.174;16;-0.016;0.485;3.127;17;-0.012;0.062;3.184;18;0.018;-0.266;3.248;19;0.044;-0.330;3.222
Frame350;5.934;0;-0.081;0.535;3.152;1;-0.088;0.582;3.216;2;-0.073;0.907;3.291;3;-0.067;1.098;3.281;4;-0.214;0.765;3.212;5;-0.318;0.558;3.260;6;-0.358;0.368;3.162;7;-0.364;0.279;3.124;8;0.070;0.780;3.259;9;0.166;0.546;3.254;10;0.203;0.348;3.175;11;0.209;0.297;3.169;12;-0.146;0.449;3.128;13;-0.121;0.054;3.186;14;-0.110;-0.262;3.250;15;-0.103;-0.324;3.202;16;-0.014;0.487;3.127;17;-0.012;0.063;3.184;18;0.017;-0.266;3.248;19;0.045;-0.329;3.221
Frame351;5.950;0;-0.081;0.535;3.152;1;-0.088;0.582;3.216;2;-0.073;0.907;3.291;3;-0.067;1.098;3.281;4;-0.214;0.765;3.212;5;-0.318;0.558;3.260;6;-0.358;0.368;3.162;7;-0.364;0.279;3.124;8;0.070;0.780;3.259;9;0.166;0.546;3.254;10;0.203;0.348;3.175;11;0.209;0.297;3.169;12;-0.146;0.449;3.128;13;-0.121;0.054;3.186;14;-0.110;-0.262;3.250;15;-0.103;-0.324;3.202;16;-0.014;0.487;3.127;17;-0.012;0.063;3.184;18;0.017;-0.266;3.248;19;0.045;-0.329;3.221
Frame352;5.967;0;-0.081;0.536;3.152;1;-0.086;0.582;3.216;2;-0.073;0.908;3.291;3;-0.067;1.098;3.281;4;-0.246;0.774;3.226;5;-0.317;0.554;3.259;6;-0.359;0.365;3.161;7;-0.366;0.276;3.123;8;0.070;0.781;3.260;9;0.166;0.546;3.254;10;0.203;0.348;3.175;11;0.213;0.278;3.162;12;-0.146;0.449;3.128;13;-0.121;0.054;3.186;14;-0.110;-0.263;3.250;15;-0.107;-0.334;3.219;16;-0.012;0.490;3.128;17;-0.013;0.063;3.184;18;0.017;-0.266;3.247;19;0.045;-0.329;3.219
Frame353;5.984;0;-0.081;0.536;3.152;1;-0.086;0.582;3.216;2;-0.073;0.908;3.291;3;-0.067;1.098;3.281;4;-0.246;0.774;3.226;5;-0.317;0.554;3.259;6;-0.359;0.365;3.161;7;-0.366;0.276;3.123;8;0.070;0.781;3.260;9;0.166;0.546;3.254;10;0.203;0.348;3.175;11;0.213;0.278;3.162;12;-0.146;0.449;3.128;13;-0.121;0.054;3.186;14;-0.110;-0.263;3.250;15;-0.107;-0.334;3.219;16;-0.012;0.490;3.128;17;-0.013;0.063;3.184;18;0.017;-0.266;3.247;19;0.045;-0.329;3.219
